"Parent Department","Organisation","Unit","Reporting Senior Post","Grade","Payscale Minimum (£)","Payscale Maximum (£)","Generic Job Title","Number of Posts in FTE","Professional/Occupational Group"
"Ministry of Defence","Ministry of Defence","Royal Air Force Air Command","1017733","OF1","16468","33507","Military","305.00","Military"
"Ministry of Defence","Ministry of Defence","Defence Equipment and Support","00009000","Adult Apprentice","18440","19548","Engineering Civ Apprentices","1.00","Science and Engineering"
"Ministry of Defence","Ministry of Defence","Defence Infrastructure Organisation","26677","Retired Offr 2","30437","36696","Direct Military Support","1.00","Operational Delivery"
"Ministry of Defence","Ministry of Defence","Head Office and Corporate Services","00005654","C1","36004","44711","Business Manager","1.00","Other"
"Ministry of Defence","Ministry of Defence","Army","1167535","Locally Employed Civilian (LEC)","0","0","Locally Employed Civilian (LEC)","4167.00","Operational Delivery"
"Ministry of Defence","Ministry of Defence","Navy Command","1105340","Academic Profr of Music (Eng) - 2018","53112","53112","Teaching","0.94","Operational Delivery"
"Ministry of Defence","Ministry of Defence","Royal Air Force Air Command","1017733","OF2","38848","46199","Military","2831.00","Military"
"Ministry of Defence","Ministry of Defence","Defence Equipment and Support","00009000","Apprentice","14164","18139","Civilian HR Service Provider","7.00","Human Resources"
"Ministry of Defence","Ministry of Defence","Defence Infrastructure Organisation","26677","Retired Offr 2","30437","36696","Estate Advice","1.00","Property and asset management"
"Ministry of Defence","Ministry of Defence","Head Office and Corporate Services","00005654","D","23661","29383","Executive Assistant","1.00","Other"
"Ministry of Defence","Ministry of Defence","Army","1167535","Academic Profr of Music (Eng)","53112","53112","Specialist Instruction","2.56","Operational Delivery"
"Ministry of Defence","Ministry of Defence","Navy Command","1105340","Admiralty Pilot","44280","54475","Port Operations","17.36","Operational Delivery"
"Ministry of Defence","Ministry of Defence","Royal Air Force Air Command","1017733","OF3","48934","58605","Military","1544.00","Military"
"Ministry of Defence","Ministry of Defence","Defence Equipment and Support","00009000","Apprentice","14164","18139","Engineering Civ Apprentices","187.00","Science and Engineering"
"Ministry of Defence","Ministry of Defence","Defence Infrastructure Organisation","26677","Retired Offr 2","30437","36696","Range Management","2.00","Property and asset management"
"Ministry of Defence","Ministry of Defence","Head Office and Corporate Services","00005654","D","23661","29383","Legal Support Officer","1.00","Other"
"Ministry of Defence","Ministry of Defence","Army","1167535","Academic Profr of Music (Eng)","53112","53112","Training Support","1.62","Operational Delivery"
"Ministry of Defence","Ministry of Defence","Navy Command","1105340","Admiralty Pilot (Trainee)","40523","48149","Port Operations","4.00","Operational Delivery"
"Ministry of Defence","Ministry of Defence","Royal Air Force Air Command","1017733","OF4","68679","79524","Military","601.00","Military"
"Ministry of Defence","Ministry of Defence","Defence Equipment and Support","00009000","Apprentice","14164","18139","Technical [Trades]","11.00","Science and Engineering"
"Ministry of Defence","Ministry of Defence","Defence Infrastructure Organisation","26677","Retired Offr 2","30437","36696","Reporting and Controls","1.00","Finance"
"Ministry of Defence","Ministry of Defence","Head Office and Corporate Services","00005654","E2","15779","19003","Legal Support Officer","1.00","Other"
"Ministry of Defence","Ministry of Defence","Army","1167535","Ambulance Practitioner","18402","21798","Medical Technical","6.00","Medicine"
"Ministry of Defence","Ministry of Defence","Navy Command","1105340","Associate Specialist 2008","52122","85797","Hospital Doctor/Consultant","1.00","Medicine"
"Ministry of Defence","Ministry of Defence","Royal Air Force Air Command","1017733","OF5","83205","91466","Military","156.00","Military"
"Ministry of Defence","Ministry of Defence","Defence Equipment and Support","00009000","Apprentice","14164","18139","Through Life Support","1.00","Operational Delivery"
"Ministry of Defence","Ministry of Defence","Defence Infrastructure Organisation","26677","Retired Offr 2","30437","36696","Soft Facilities Management","1.00","Property and asset management"
"Ministry of Defence","Ministry of Defence","Head Office and Corporate Services","00005654","B1","57000","72907","Legal Adviser","1.00","Law"
"Ministry of Defence","Ministry of Defence","Army","1167535","Area Manager","49318","51901","Fire Service","21.00","Operational Delivery"
"Ministry of Defence","Ministry of Defence","Navy Command","1105340","B1","57000","72907","Business Management","5.00","Operational Delivery"
"Ministry of Defence","Ministry of Defence","Royal Air Force Air Command","1017733","OR1","17945","29651","Military","3.00","Military"
"Ministry of Defence","Ministry of Defence","Defence Equipment and Support","00009000","B1","57000","72907","Administrative Support","1.00","Operational Delivery"
"Ministry of Defence","Ministry of Defence","Defence Infrastructure Organisation","26677","Skill Zone 4","22372","25179","Estate Advice","1.00","Property and asset management"
"Ministry of Defence","Ministry of Defence","Head Office and Corporate Services","00005654","B2","48421","60130","Legal Adviser","3.00","Law"
"Ministry of Defence","Ministry of Defence","Army","1167535","Assistant Head Teacher","37836","106148","Teaching","4.05","Operational Delivery"
"Ministry of Defence","Ministry of Defence","Navy Command","1105340","B1","57000","72907","Decision Support","2.00","Finance"
"Ministry of Defence","Ministry of Defence","Royal Air Force Air Command","1017733","OR2","17945","29651","Military","9404.00","Military"
"Ministry of Defence","Ministry of Defence","Defence Equipment and Support","00009000","B1","57000","72907","AeroEng(Aero/Struct/Mech)","1.00","Science and Engineering"
"Ministry of Defence","Ministry of Defence","Defence Infrastructure Organisation","26677","Skill Zone 4","22372","25179","Project Management","1.00","Programme and Project Management (PPM)"
"Ministry of Defence","Ministry of Defence","Head Office and Corporate Services","00005654","OF4","68679","79524","Legal Adviser","1.00","Law"
"Ministry of Defence","Ministry of Defence","Army","1167535","Assistant Head Teacher","37836","106148","Teaching L'ship","4.05","Operational Delivery"
"Ministry of Defence","Ministry of Defence","Navy Command","1105340","B1","57000","72907","Estate Planning","1.00","Property and asset management"
"Ministry of Defence","Ministry of Defence","Royal Air Force Air Command","1017733","OR3","17945","29651","Military","596.00","Military"
"Ministry of Defence","Ministry of Defence","Defence Equipment and Support","00009000","B1","57000","72907","AeroEng(Electronics/Avionics)","2.00","Science and Engineering"
"Ministry of Defence","Ministry of Defence","Defence Infrastructure Organisation","26677","Skill Zone 4","22372","25179","Technical [Trades]","86.39","Science and Engineering"
"Ministry of Defence","Ministry of Defence","Head Office and Corporate Services","00005654","D","23661","29383","Legal Support Officer","1.00","Other"
"Ministry of Defence","Ministry of Defence","Army","1167535","Aviation Offr 2","35285","36696","Transport & Movement","1.00","Operational Delivery"
"Ministry of Defence","Ministry of Defence","Navy Command","1105340","B1","57000","72907","Estates Management","1.00","Property and asset management"
"Ministry of Defence","Ministry of Defence","Royal Air Force Air Command","1017733","OR4","27054","33998","Military","5159.00","Military"
"Ministry of Defence","Ministry of Defence","Defence Equipment and Support","00009000","B1","57000","72907","Business Management","16.94","Operational Delivery"
"Ministry of Defence","Ministry of Defence","Defence Infrastructure Organisation","26677","B1","57000","72907","Administrative Support","1.00","Operational Delivery"
"Ministry of Defence","Ministry of Defence","Head Office and Corporate Services","00005654","E1","18554","22345","Legal Support Officer","1.00","Other"
"Ministry of Defence","Ministry of Defence","Army","1167535","B1","57000","72907","Business Management","7.00","Operational Delivery"
"Ministry of Defence","Ministry of Defence","Navy Command","1105340","B1","57000","72907","Inventory Management","1.00","Operational Delivery"
"Ministry of Defence","Ministry of Defence","Royal Air Force Air Command","1017733","OR6","30750","37836","Military","3867.00","Military"
"Ministry of Defence","Ministry of Defence","Defence Equipment and Support","00009000","B1","57000","72907","Civilian HR Service Provider","1.00","Human Resources"
"Ministry of Defence","Ministry of Defence","Defence Infrastructure Organisation","26677","B1","57000","72907","Audit and Assurance","1.00","Internal Audit"
"Ministry of Defence","Ministry of Defence","Head Office and Corporate Services","00005654","OF5","83205","91466","Legal Adviser","1.00","Law"
"Ministry of Defence","Ministry of Defence","Army","1167535","B1","57000","72907","Decision Support","6.00","Finance"
"Ministry of Defence","Ministry of Defence","Navy Command","1105340","B1","57000","72907","Naval Architecture","1.00","Science and Engineering"
"Ministry of Defence","Ministry of Defence","Royal Air Force Air Command","1017733","OR7","34039","44315","Military","2218.00","Military"
"Ministry of Defence","Ministry of Defence","Defence Equipment and Support","00009000","B1","57000","72907","Combat Systems Engineering","1.00","Science and Engineering"
"Ministry of Defence","Ministry of Defence","Defence Infrastructure Organisation","26677","B1","57000","72907","Business Management","3.00","Operational Delivery"
"Ministry of Defence","Ministry of Defence","Head Office and Corporate Services","00005654","B1","57000","72907","Legal Adviser","3.00","Law"
"Ministry of Defence","Ministry of Defence","Army","1167535","B1","57000","72907","Legal","1.00","Law"
"Ministry of Defence","Ministry of Defence","Navy Command","1105340","B1","57000","72907","Programme Management","1.00","Programme and Project Management (PPM)"
"Ministry of Defence","Ministry of Defence","Royal Air Force Air Command","1017733","OR8","34039","44315","Military","87.00","Military"
"Ministry of Defence","Ministry of Defence","Defence Equipment and Support","00009000","B1","57000","72907","Commercial Analysis","1.00","Procurement"
"Ministry of Defence","Ministry of Defence","Defence Infrastructure Organisation","26677","B1","57000","72907","Commercial Operations","2.00","Procurement"
"Ministry of Defence","Ministry of Defence","Head Office and Corporate Services","00005654","E1","18554","22345","Legal Support Officer","1.00","Other"
"Ministry of Defence","Ministry of Defence","Army","1167535","B1","57000","72907","Museum","1.00","Knowledge and Information Management (KIM)"
"Ministry of Defence","Ministry of Defence","Navy Command","1105340","B1","57000","72907","Safety,Health,Enviroment&Fire","1.00","Operational Delivery"
"Ministry of Defence","Ministry of Defence","Royal Air Force Air Command","1017733","OR9","39548","47902","Military","701.00","Military"
"Ministry of Defence","Ministry of Defence","Defence Equipment and Support","00009000","B1","57000","72907","Commercial Operations","20.64","Procurement"
"Ministry of Defence","Ministry of Defence","Defence Infrastructure Organisation","26677","B1","57000","72907","Commercial Strategy","1.00","Procurement"
"Ministry of Defence","Ministry of Defence","Head Office and Corporate Services","00005654","B1","57000","72907","Legal Adviser","9.00","Law"
"Ministry of Defence","Ministry of Defence","Army","1167535","B1","57000","72907","Occupational Psychology","1.00","Psychology"
"Ministry of Defence","Ministry of Defence","Navy Command","1105340","B1","57000","72907","Secretariat & Private Office","1.00","Operational Delivery"
"Ministry of Defence","Ministry of Defence","Royal Air Force Air Command","1017733","Principal Lecturer RMAS/BRNC","47942","59535","Teaching","1.00","Operational Delivery"
"Ministry of Defence","Ministry of Defence","Defence Equipment and Support","00009000","B1","57000","72907","Commercial Strategy","9.00","Procurement"
"Ministry of Defence","Ministry of Defence","Defence Infrastructure Organisation","26677","B1","57000","72907","Decision Support","2.00","Finance"
"Ministry of Defence","Ministry of Defence","Head Office and Corporate Services","00005654","B2","48421","60130","Legal Adviser","17.00","Law"
"Ministry of Defence","Ministry of Defence","Army","1167535","B1","57000","72907","Operational Analysis","1.00","Science and Engineering"
"Ministry of Defence","Ministry of Defence","Navy Command","1105340","B2","48421","60130","Administrative Support","1.00","Operational Delivery"
"Ministry of Defence","Ministry of Defence","Royal Air Force Air Command","1017733","Retired Offr 1","38197","44711","Direct Military Support","2.00","Operational Delivery"
"Ministry of Defence","Ministry of Defence","Defence Equipment and Support","00009000","B1","57000","72907","Consultancy","3.00","Operational Delivery"
"Ministry of Defence","Ministry of Defence","Defence Infrastructure Organisation","26677","B1","57000","72907","EnvironmentalManagementAssessm","1.00","Operational Delivery"
"Ministry of Defence","Ministry of Defence","Head Office and Corporate Services","00005654","C1","36004","44711","Legal Adviser","4.00","Law"
"Ministry of Defence","Ministry of Defence","Army","1167535","B1","57000","72907","Policy Advisor","1.00","Policy"
"Ministry of Defence","Ministry of Defence","Navy Command","1105340","B2","48421","60130","AeroEng(Aero/Struct/Mech)","1.00","Science and Engineering"
"Ministry of Defence","Ministry of Defence","Royal Air Force Air Command","1017733","Retired Offr 1","38197","44711","Service HR Expert","1.00","Human Resources"
"Ministry of Defence","Ministry of Defence","Defence Equipment and Support","00009000","B1","57000","72907","Contract Perf Meas & Mgnt","13.00","Procurement"
"Ministry of Defence","Ministry of Defence","Defence Infrastructure Organisation","26677","B1","57000","72907","Estate Planning","1.77","Property and asset management"
"Ministry of Defence","Ministry of Defence","Head Office and Corporate Services","00005654","C2","29551","36696","Legal Adviser","4.00","Law"
"Ministry of Defence","Ministry of Defence","Army","1167535","B1","57000","72907","Programme Management","2.00","Programme and Project Management (PPM)"
"Ministry of Defence","Ministry of Defence","Navy Command","1105340","B2","48421","60130","Business Management","5.00","Operational Delivery"
"Ministry of Defence","Ministry of Defence","Royal Air Force Air Command","1017733","Retired Offr 1","38197","44711","Training Support","1.00","Operational Delivery"
"Ministry of Defence","Ministry of Defence","Defence Equipment and Support","00009000","B1","57000","72907","Decision Support","12.00","Finance"
"Ministry of Defence","Ministry of Defence","Defence Infrastructure Organisation","26677","B1","57000","72907","Estate Surveying","1.00","Property and asset management"
"Ministry of Defence","Ministry of Defence","Head Office and Corporate Services","00005654","D","23661","29383","Legal Support Officer","6.00","Other"
"Ministry of Defence","Ministry of Defence","Army","1167535","B1","57000","72907","Project Management","1.00","Programme and Project Management (PPM)"
"Ministry of Defence","Ministry of Defence","Navy Command","1105340","B2","48421","60130","Civilian HR Expert","1.00","Human Resources"
"Ministry of Defence","Ministry of Defence","Royal Air Force Air Command","1017733","Retired Offr 2","30437","36696","Business Management","2.00","Operational Delivery"
"Ministry of Defence","Ministry of Defence","Defence Equipment and Support","00009000","B1","57000","72907","Estate Planning","1.00","Property and asset management"
"Ministry of Defence","Ministry of Defence","Defence Infrastructure Organisation","26677","B1","57000","72907","Estates Management","8.00","Property and asset management"
"Ministry of Defence","Ministry of Defence","Head Office and Corporate Services","00005654","E1","18554","22345","Legal Support Officer","5.00","Other"
"Ministry of Defence","Ministry of Defence","Army","1167535","B1","57000","72907","Systems Engineering","1.00","Science and Engineering"
"Ministry of Defence","Ministry of Defence","Navy Command","1105340","B2","48421","60130","Community Development Work","1.00","Operational Delivery"
"Ministry of Defence","Ministry of Defence","Royal Air Force Air Command","1017733","Retired Offr 2","30437","36696","Combat Systems Engineering","1.00","Science and Engineering"
"Ministry of Defence","Ministry of Defence","Defence Equipment and Support","00009000","B1","57000","72907","Government Quality Assurance","2.00","Programme and Project Management (PPM)"
"Ministry of Defence","Ministry of Defence","Defence Infrastructure Organisation","26677","B1","57000","72907","Housing Service Delivery","1.00","Property and asset management"
"Ministry of Defence","Ministry of Defence","Head Office and Corporate Services","00005654","C2","29551","36696","Business Manager","1.00","Other"
"Ministry of Defence","Ministry of Defence","Army","1167535","B2","48421","60130","Administrative Support","1.00","Operational Delivery"
"Ministry of Defence","Ministry of Defence","Navy Command","1105340","B2","48421","60130","Decision Support","4.80","Finance"
"Ministry of Defence","Ministry of Defence","Royal Air Force Air Command","1017733","Retired Offr 2","30437","36696","Community Service","1.00","Operational Delivery"
"Ministry of Defence","Ministry of Defence","Defence Equipment and Support","00009000","B1","57000","72907","Information Assurance","1.00","Knowledge and Information Management (KIM)"
"Ministry of Defence","Ministry of Defence","Defence Infrastructure Organisation","26677","B1","57000","72907","Knowledge Info Management","2.00","Knowledge and Information Management (KIM)"
"Ministry of Defence","Ministry of Defence","Head Office and Corporate Services","00005654","B1","57000","72907","Legal Adviser","7.00","Law"
"Ministry of Defence","Ministry of Defence","Army","1167535","B2","48421","60130","Business Management","8.00","Operational Delivery"
"Ministry of Defence","Ministry of Defence","Navy Command","1105340","B2","48421","60130","Estates Management","1.00","Property and asset management"
"Ministry of Defence","Ministry of Defence","Royal Air Force Air Command","1017733","Retired Offr 2","30437","36696","Direct Military Support","7.50","Operational Delivery"
"Ministry of Defence","Ministry of Defence","Defence Equipment and Support","00009000","B1","57000","72907","Information Technology","1.00","Information Technology"
"Ministry of Defence","Ministry of Defence","Defence Infrastructure Organisation","26677","B1","57000","72907","Legal","1.80","Law"
"Ministry of Defence","Ministry of Defence","Head Office and Corporate Services","00005654","B2","48421","60130","Legal Adviser","4.00","Law"
"Ministry of Defence","Ministry of Defence","Army","1167535","B2","48421","60130","Commercial Operations","0.93","Procurement"
"Ministry of Defence","Ministry of Defence","Navy Command","1105340","B2","48421","60130","External Communications","1.00","Communications"
"Ministry of Defence","Ministry of Defence","Royal Air Force Air Command","1017733","Retired Offr 2","30437","36696","Service HR Service Provider","1.00","Human Resources"
"Ministry of Defence","Ministry of Defence","Defence Equipment and Support","00009000","B1","57000","72907","Inventory Management","2.00","Operational Delivery"
"Ministry of Defence","Ministry of Defence","Defence Infrastructure Organisation","26677","B1","57000","72907","Performance Management","1.00","Internal Audit"
"Ministry of Defence","Ministry of Defence","Head Office and Corporate Services","00005654","E1","18554","22345","Legal Support Officer","1.00","Other"
"Ministry of Defence","Ministry of Defence","Army","1167535","B2","48421","60130","Decision Support","6.70","Finance"
"Ministry of Defence","Ministry of Defence","Navy Command","1105340","B2","48421","60130","Historical","3.00","Knowledge and Information Management (KIM)"
"Ministry of Defence","Ministry of Defence","Royal Air Force Air Command","1017733","Retired Offr 3","25856","29383","Business Management","1.00","Operational Delivery"
"Ministry of Defence","Ministry of Defence","Defence Equipment and Support","00009000","B1","57000","72907","Investigative Accounting","1.00","Finance"
"Ministry of Defence","Ministry of Defence","Defence Infrastructure Organisation","26677","B1","57000","72907","Policy Advisor","3.00","Policy"
"Ministry of Defence","Ministry of Defence","Head Office and Corporate Services","00005654","OF4","68679","79524","Legal Adviser","1.00","Law"
"Ministry of Defence","Ministry of Defence","Army","1167535","B2","48421","60130","Internal Communications","1.00","Communications"
"Ministry of Defence","Ministry of Defence","Navy Command","1105340","B2","48421","60130","Inventory Management","1.00","Operational Delivery"
"Ministry of Defence","Ministry of Defence","Royal Air Force Air Command","1017733","Retired Offr (Prinl)","48421","60130","Business Management","1.00","Operational Delivery"
"Ministry of Defence","Ministry of Defence","Defence Equipment and Support","00009000","B1","57000","72907","Marine Engineering","1.64","Science and Engineering"
"Ministry of Defence","Ministry of Defence","Defence Infrastructure Organisation","26677","B1","57000","72907","Programme Management","6.00","Programme and Project Management (PPM)"
"Ministry of Defence","Ministry of Defence","Head Office and Corporate Services","00005654","B1","57000","72907","Legal Adviser","4.00","Law"
"Ministry of Defence","Ministry of Defence","Army","1167535","B2","48421","60130","Knowledge Info Management","1.00","Knowledge and Information Management (KIM)"
"Ministry of Defence","Ministry of Defence","Navy Command","1105340","B2","48421","60130","Naval Architecture","1.00","Science and Engineering"
"Ministry of Defence","Ministry of Defence","Royal Air Force Air Command","1017733","Senior Medical Officer","74372","84551","Defence Export Services","1.00","Operational Delivery"
"Ministry of Defence","Ministry of Defence","Defence Equipment and Support","00009000","B1","57000","72907","Naval Architecture","5.00","Science and Engineering"
"Ministry of Defence","Ministry of Defence","Defence Infrastructure Organisation","26677","B1","57000","72907","Project Management","10.00","Programme and Project Management (PPM)"
"Ministry of Defence","Ministry of Defence","Head Office and Corporate Services","00005654","B2","48421","60130","Legal Adviser","1.00","Law"
"Ministry of Defence","Ministry of Defence","Army","1167535","B2","48421","60130","Occupational Psychology","1.00","Psychology"
"Ministry of Defence","Ministry of Defence","Navy Command","1105340","B2","48421","60130","Nuclear Propulsion","2.00","Science and Engineering"
"Ministry of Defence","Ministry of Defence","Royal Air Force Air Command","1017733","Senior Medical Officer","74372","84551","Gen Practice Medical","1.00","Medicine"
"Ministry of Defence","Ministry of Defence","Defence Equipment and Support","00009000","B1","57000","72907","Nuclear Propulsion","5.00","Science and Engineering"
"Ministry of Defence","Ministry of Defence","Defence Infrastructure Organisation","26677","B1","57000","72907","Reporting and Controls","1.00","Finance"
"Ministry of Defence","Ministry of Defence","Head Office and Corporate Services","00005654","Pat Off2","65427","77736","Legal Adviser","9.00","Law"
"Ministry of Defence","Ministry of Defence","Army","1167535","B2","48421","60130","Policy Advisor","1.00","Policy"
"Ministry of Defence","Ministry of Defence","Navy Command","1105340","B2","48421","60130","Nuclear Weapons","3.00","Science and Engineering"
"Ministry of Defence","Ministry of Defence","Royal Air Force Air Command","1017733","MEDICAL OFFICER - 2185","56436","69409","Gen Practice Medical","1.00","Medicine"
"Ministry of Defence","Ministry of Defence","Defence Equipment and Support","00009000","B1","57000","72907","Nuclear Weapons","4.00","Science and Engineering"
"Ministry of Defence","Ministry of Defence","Defence Infrastructure Organisation","26677","B1","57000","72907","Safety,Health,Enviroment&Fire","1.00","Operational Delivery"
"Ministry of Defence","Ministry of Defence","Head Office and Corporate Services","00005654","Pat Off1","69409","83714","Legal Adviser","2.00","Law"
"Ministry of Defence","Ministry of Defence","Army","1167535","B2","48421","60130","Programme Management","1.00","Programme and Project Management (PPM)"
"Ministry of Defence","Ministry of Defence","Navy Command","1105340","B2","48421","60130","Operational Analysis","1.00","Science and Engineering"
"Ministry of Defence","Ministry of Defence","Royal Air Force Air Command","1017733","MEDICAL OFFICER - 2185","56436","69409","Service HR Service Provider","1.00","Information Technology"
"Ministry of Defence","Ministry of Defence","Defence Equipment and Support","00009000","B1","57000","72907","Performance Management","2.00","Internal Audit"
"Ministry of Defence","Ministry of Defence","Defence Infrastructure Organisation","26677","B1","57000","72907","Secretariat & Private Office","1.00","Operational Delivery"
"Ministry of Defence","Ministry of Defence","Head Office and Corporate Services","00005654","Pat Off3A","40151","59535","Legal Adviser","2.00","Law"
"Ministry of Defence","Ministry of Defence","Army","1167535","B2","48421","60130","Project Management","2.00","Programme and Project Management (PPM)"
"Ministry of Defence","Ministry of Defence","Navy Command","1105340","B2","48421","60130","Port Operations","2.00","Operational Delivery"
"Ministry of Defence","Ministry of Defence","Royal Air Force Air Command","1017733","Civilian Medical Practitioner","65722","78076","Gen Practice Medical","1.40","Medicine"
"Ministry of Defence","Ministry of Defence","Defence Equipment and Support","00009000","B1","57000","72907","Policy Advisor","2.00","Policy"
"Ministry of Defence","Ministry of Defence","Defence Infrastructure Organisation","26677","B1","57000","72907","Soft Facilities Management","2.00","Property and asset management"
"Ministry of Defence","Ministry of Defence","Head Office and Corporate Services","00005654","Pat Off3b","29258","43188","Legal Adviser","4.00","Law"
"Ministry of Defence","Ministry of Defence","Army","1167535","B2","48421","60130","Engineering & Science","2.00","Science and Engineering"
"Ministry of Defence","Ministry of Defence","Navy Command","1105340","B2","48421","60130","Programme Management","4.56","Programme and Project Management (PPM)"
"Ministry of Defence","Ministry of Defence","Royal Air Force Air Command","1017733","Burnham Lecturer 2 (C2 Equiv)","30136","43188","Teaching","9.50","Operational Delivery"
"Ministry of Defence","Ministry of Defence","Defence Equipment and Support","00009000","B1","57000","72907","Programme Management","83.00","Programme and Project Management (PPM)"
"Ministry of Defence","Ministry of Defence","Defence Infrastructure Organisation","26677","B1","57000","72907","Sustainable Development","0.81","Operational Delivery"
"Ministry of Defence","Ministry of Defence","Head Office and Corporate Services","00005654","D","23661","29383","Legal Support Officer","4.00","Other"
"Ministry of Defence","Ministry of Defence","Army","1167535","B2","48421","60130","Secretariat & Private Office","5.00","Operational Delivery"
"Ministry of Defence","Ministry of Defence","Navy Command","1105340","B2","48421","60130","Project Management","6.00","Programme and Project Management (PPM)"
"Ministry of Defence","Ministry of Defence","Royal Air Force Air Command","1017733","Senior Lecturer","46296","48149","Teaching","14.00","Operational Delivery"
"Ministry of Defence","Ministry of Defence","Defence Equipment and Support","00009000","B1","57000","72907","Project Management","34.00","Programme and Project Management (PPM)"
"Ministry of Defence","Ministry of Defence","Defence Infrastructure Organisation","26677","B1","57000","72907","Technical [Trades]","1.00","Science and Engineering"
"Ministry of Defence","Ministry of Defence","Head Office and Corporate Services","00005654","E1","18554","22345","Legal Support Officer","5.00","Other"
"Ministry of Defence","Ministry of Defence","Army","1167535","B2","48421","60130","Systems Engineering","1.00","Science and Engineering"
"Ministry of Defence","Ministry of Defence","Navy Command","1105340","B2","48421","60130","Secretariat & Private Office","2.00","Operational Delivery"
"Ministry of Defence","Ministry of Defence","Royal Air Force Air Command","1017733","Senior Lecturer","46296","48149","WOME Production","1.00","Science and Engineering"
"Ministry of Defence","Ministry of Defence","Defence Equipment and Support","00009000","B1","57000","72907","Reporting and Controls","1.00","Finance"
"Ministry of Defence","Ministry of Defence","Defence Infrastructure Organisation","26677","B1","57000","72907","Training Support","1.00","Operational Delivery"
"Ministry of Defence","Ministry of Defence","Head Office and Corporate Services","00005654","C2","29551","36696","Legal Support Officer","2.00","Other"
"Ministry of Defence","Ministry of Defence","Army","1167535","B2","48421","60130","Teaching Advice/Inspection","0.80","Operational Delivery"
"Ministry of Defence","Ministry of Defence","Navy Command","1105340","B2","48421","60130","Statistics","1.00","Statisticians"
"Ministry of Defence","Ministry of Defence","Royal Air Force Air Command","1017733","Head of Department 3","55849","58083","Teaching","1.00","Operational Delivery"
"Ministry of Defence","Ministry of Defence","Defence Equipment and Support","00009000","B1","57000","72907","Safety Management","6.00","Operational Delivery"
"Ministry of Defence","Ministry of Defence","Defence Infrastructure Organisation","26677","B2","48421","60130","Administrative Support","1.00","Operational Delivery"
"Ministry of Defence","Ministry of Defence","Head Office and Corporate Services","00005654","C1","36004","44711","Legal Support Officer","1.00","Other"
"Ministry of Defence","Ministry of Defence","Army","1167535","B2","48421","60130","Technical [Trades]","1.00","Science and Engineering"
"Ministry of Defence","Ministry of Defence","Navy Command","1105340","B2","48421","60130","Training Support","4.00","Operational Delivery"
"Ministry of Defence","Ministry of Defence","Royal Air Force Air Command","1017733","Senior Lecturer","46296","48149","Training Support","1.00","Operational Delivery"
"Ministry of Defence","Ministry of Defence","Defence Equipment and Support","00009000","B1","57000","72907","Salvage and Marine Operations","3.00","Operational Delivery"
"Ministry of Defence","Ministry of Defence","Defence Infrastructure Organisation","26677","B2","48421","60130","Audit and Assurance","3.00","Internal Audit"
"Ministry of Defence","Ministry of Defence","Head Office and Corporate Services","00005654","B2","48421","60130","Assistant Head","4.00","Policy"
"Ministry of Defence","Ministry of Defence","Army","1167535","B2 MSF","48421","60130","Security Policy","1.00","Operational Delivery"
"Ministry of Defence","Ministry of Defence","Navy Command","1105340","B2 MSF","48421","60130","Business Management","2.00","Operational Delivery"
"Ministry of Defence","Ministry of Defence","Royal Air Force Air Command","1017733","Lecturer PCSPS New Contract","29258","36333","Teaching","9.00","Operational Delivery"
"Ministry of Defence","Ministry of Defence","Defence Equipment and Support","00009000","B1","57000","72907","Science & Engineering policy","4.00","Science and Engineering"
"Ministry of Defence","Ministry of Defence","Defence Infrastructure Organisation","26677","B2","48421","60130","Building Surveying","1.00","Property and asset management"
"Ministry of Defence","Ministry of Defence","Head Office and Corporate Services","00005654","OF5","83205","91466","Assistant Head","1.00","Military"
"Ministry of Defence","Ministry of Defence","Army","1167535","B2 MSF","48421","60130","Service HR Expert","2.00","Human Resources"
"Ministry of Defence","Ministry of Defence","Navy Command","1105340","C1","36004","44711","Administrative Support","4.00","Operational Delivery"
"Ministry of Defence","Ministry of Defence","Royal Air Force Air Command","1017733","Head of Department 4","62881","65396","Teaching","1.00","Operational Delivery"
"Ministry of Defence","Ministry of Defence","Defence Equipment and Support","00009000","B1","57000","72907","Secretariat & Private Office","1.00","Operational Delivery"
"Ministry of Defence","Ministry of Defence","Defence Infrastructure Organisation","26677","B2","48421","60130","Business Management","8.00","Operational Delivery"
"Ministry of Defence","Ministry of Defence","Head Office and Corporate Services","00005654","C1","36004","44711","Business Manager","1.00","Planning"
"Ministry of Defence","Ministry of Defence","Army","1167535","Basic Skills Tutor","21588","45000","Teaching","32.08","Operational Delivery"
"Ministry of Defence","Ministry of Defence","Navy Command","1105340","C1","36004","44711","AeroEng(Aero/Struct/Mech)","3.00","Science and Engineering"
"Ministry of Defence","Ministry of Defence","Royal Air Force Air Command","1017733","Chef 1/Chief Cook 1","18554","22345","Soft Facilities Management","1.00","Property and asset management"
"Ministry of Defence","Ministry of Defence","Defence Equipment and Support","00009000","B1","57000","72907","Security Policy","1.00","Operational Delivery"
"Ministry of Defence","Ministry of Defence","Defence Infrastructure Organisation","26677","B2","48421","60130","Commercial Operations","7.94","Procurement"
"Ministry of Defence","Ministry of Defence","Head Office and Corporate Services","00005654","C1","36004","44711","Engineering and Science","3.00","Policy"
"Ministry of Defence","Ministry of Defence","Army","1167535","Basic Skills Tutor","21588","45000","Training Support","0.94","Operational Delivery"
"Ministry of Defence","Ministry of Defence","Navy Command","1105340","C1","36004","44711","Afloat Support","1.00","Operational Delivery"
"Ministry of Defence","Ministry of Defence","Royal Air Force Air Command","1017733","Chef 2/Chief Cook 2","18554","22345","Soft Facilities Management","1.00","Property and asset management"
"Ministry of Defence","Ministry of Defence","Defence Equipment and Support","00009000","B1","57000","72907","Senior Ownership","1.00","Internal Audit"
"Ministry of Defence","Ministry of Defence","Defence Infrastructure Organisation","26677","B2","48421","60130","Commercial Strategy","1.00","Procurement"
"Ministry of Defence","Ministry of Defence","Head Office and Corporate Services","00005654","C1","36004","44711","Security Policy","8.00","Policy"
"Ministry of Defence","Ministry of Defence","Army","1167535","BM AFCO","62282","62282","Business Management","1.00","Operational Delivery"
"Ministry of Defence","Ministry of Defence","Navy Command","1105340","C1","36004","44711","Business Management","37.91","Operational Delivery"
"Ministry of Defence","Ministry of Defence","Royal Air Force Air Command","1017733","Fast Stream Grade Band C1","36004","44711","Business Management","1.00","Operational Delivery"
"Ministry of Defence","Ministry of Defence","Defence Equipment and Support","00009000","B1","57000","72907","Statistics","1.00","Statisticians"
"Ministry of Defence","Ministry of Defence","Defence Infrastructure Organisation","26677","B2","48421","60130","Communication Planning","2.00","Communications"
"Ministry of Defence","Ministry of Defence","Head Office and Corporate Services","00005654","C2","29551","36696","Security Policy","4.00","Policy"
"Ministry of Defence","Ministry of Defence","Army","1167535","BM AFCO","62282","62282","Fire Service","4.00","Operational Delivery"
"Ministry of Defence","Ministry of Defence","Navy Command","1105340","C1","36004","44711","Civilian Training","1.00","Operational Delivery"
"Ministry of Defence","Ministry of Defence","Royal Air Force Air Command","1017733","TUPE General","11352","60000","Knowledge Info Management","1.00","Knowledge and Information Management (KIM)"
"Ministry of Defence","Ministry of Defence","Defence Equipment and Support","00009000","B1","57000","72907","Systems Engineering","4.00","Science and Engineering"
"Ministry of Defence","Ministry of Defence","Defence Infrastructure Organisation","26677","B2","48421","60130","Decision Support","9.00","Finance"
"Ministry of Defence","Ministry of Defence","Head Office and Corporate Services","00005654","D","23661","29383","Security Policy","3.00","Policy"
"Ministry of Defence","Ministry of Defence","Army","1167535","BM CFO","74738","74738","Fire Service","1.00","Operational Delivery"
"Ministry of Defence","Ministry of Defence","Navy Command","1105340","C1","36004","44711","Commercial Operations","1.00","Procurement"
"Ministry of Defence","Ministry of Defence","Royal Air Force Air Command","1017733","B1","57000","72907","Combat Systems Engineering","1.00","Science and Engineering"
"Ministry of Defence","Ministry of Defence","Defence Equipment and Support","00009000","B1","57000","72907","Teaching","1.00","Operational Delivery"
"Ministry of Defence","Ministry of Defence","Defence Infrastructure Organisation","26677","B2","48421","60130","Energy Management","3.00","Operational Delivery"
"Ministry of Defence","Ministry of Defence","Head Office and Corporate Services","00005654","E1","18554","22345","Secretarial","1.00","Policy"
"Ministry of Defence","Ministry of Defence","Army","1167535","C1","36004","44711","Administrative Support","4.00","Operational Delivery"
"Ministry of Defence","Ministry of Defence","Navy Command","1105340","C1","36004","44711","Community Development Work","1.00","Operational Delivery"
"Ministry of Defence","Ministry of Defence","Royal Air Force Air Command","1017733","B1","57000","72907","Decision Support","1.00","Finance"
"Ministry of Defence","Ministry of Defence","Defence Equipment and Support","00009000","B1","57000","72907","Through Life Support","2.00","Operational Delivery"
"Ministry of Defence","Ministry of Defence","Defence Infrastructure Organisation","26677","B2","48421","60130","EnvironmentalManagementAssessm","5.00","Operational Delivery"
"Ministry of Defence","Ministry of Defence","Head Office and Corporate Services","00005654","E1","18554","22345","Secretariat","1.00","Policy"
"Ministry of Defence","Ministry of Defence","Army","1167535","C1","36004","44711","Business Management","21.86","Operational Delivery"
"Ministry of Defence","Ministry of Defence","Navy Command","1105340","C1","36004","44711","Community Service","5.00","Operational Delivery"
"Ministry of Defence","Ministry of Defence","Royal Air Force Air Command","1017733","B1","57000","72907","Medical Assessment","1.00","Medicine"
"Ministry of Defence","Ministry of Defence","Defence Equipment and Support","00009000","B1","57000","72907","WOME Safety","1.00","Science and Engineering"
"Ministry of Defence","Ministry of Defence","Defence Infrastructure Organisation","26677","B2","48421","60130","Estate Advice","4.00","Property and asset management"
"Ministry of Defence","Ministry of Defence","Head Office and Corporate Services","00005654","OF3","48934","58605","RAF","2.00","Military"
"Ministry of Defence","Ministry of Defence","Army","1167535","C1","36004","44711","Chemical/Bio Science and Tech","1.00","Science and Engineering"
"Ministry of Defence","Ministry of Defence","Navy Command","1105340","C1","36004","44711","Decision Support","9.59","Finance"
"Ministry of Defence","Ministry of Defence","Royal Air Force Air Command","1017733","B1","57000","72907","Secretariat & Private Office","1.00","Operational Delivery"
"Ministry of Defence","Ministry of Defence","Defence Equipment and Support","00009000","B2","48421","60130","Administrative Support","1.00","Operational Delivery"
"Ministry of Defence","Ministry of Defence","Defence Infrastructure Organisation","26677","B2","48421","60130","Estate Surveying","4.00","Property and asset management"
"Ministry of Defence","Ministry of Defence","Head Office and Corporate Services","00005654","OF3","48934","58605","Police","1.00","Military"
"Ministry of Defence","Ministry of Defence","Army","1167535","C1","36004","44711","Civilian HR Service Provider","1.00","Human Resources"
"Ministry of Defence","Ministry of Defence","Navy Command","1105340","C1","36004","44711","Design and Imagery","1.00","Communications"
"Ministry of Defence","Ministry of Defence","Royal Air Force Air Command","1017733","B1","57000","72907","Service HR Service Provider","1.00","Human Resources"
"Ministry of Defence","Ministry of Defence","Defence Equipment and Support","00009000","B2","48421","60130","AeroEng(Aero/Struct/Mech)","11.91","Science and Engineering"
"Ministry of Defence","Ministry of Defence","Defence Infrastructure Organisation","26677","B2","48421","60130","Estates Management","26.00","Property and asset management"
"Ministry of Defence","Ministry of Defence","Head Office and Corporate Services","00005654","OF3","48934","58605","Army","1.00","Military"
"Ministry of Defence","Ministry of Defence","Army","1167535","C1","36004","44711","Commercial Operations","3.00","Procurement"
"Ministry of Defence","Ministry of Defence","Navy Command","1105340","C1","36004","44711","Direct Military Support","2.00","Operational Delivery"
"Ministry of Defence","Ministry of Defence","Royal Air Force Air Command","1017733","B2","48421","60130","Business Management","3.00","Operational Delivery"
"Ministry of Defence","Ministry of Defence","Defence Equipment and Support","00009000","B2","48421","60130","AeroEng(Electronics/Avionics)","4.00","Science and Engineering"
"Ministry of Defence","Ministry of Defence","Defence Infrastructure Organisation","26677","B2","48421","60130","Housing Service Delivery","7.00","Property and asset management"
"Ministry of Defence","Ministry of Defence","Head Office and Corporate Services","00005654","OF2","38848","46199","RM","1.00","Military"
"Ministry of Defence","Ministry of Defence","Army","1167535","C1","36004","44711","Communication Planning","7.00","Communications"
"Ministry of Defence","Ministry of Defence","Navy Command","1105340","C1","36004","44711","E-Communcations","2.00","Communications"
"Ministry of Defence","Ministry of Defence","Royal Air Force Air Command","1017733","B2","48421","60130","Decision Support","6.00","Finance"
"Ministry of Defence","Ministry of Defence","Defence Equipment and Support","00009000","B2","48421","60130","Audit and Assurance","2.00","Internal Audit"
"Ministry of Defence","Ministry of Defence","Defence Infrastructure Organisation","26677","B2","48421","60130","Knowledge Info Management","2.00","Knowledge and Information Management (KIM)"
"Ministry of Defence","Ministry of Defence","Head Office and Corporate Services","00005654","OR5-6","30750","37836","Army","1.00","Military"
"Ministry of Defence","Ministry of Defence","Army","1167535","C1","36004","44711","Community Development Work","2.00","Operational Delivery"
"Ministry of Defence","Ministry of Defence","Navy Command","1105340","C1","36004","44711","Estate Advice","3.60","Property and asset management"
"Ministry of Defence","Ministry of Defence","Royal Air Force Air Command","1017733","B2","48421","60130","Historical","3.00","Knowledge and Information Management (KIM)"
"Ministry of Defence","Ministry of Defence","Defence Equipment and Support","00009000","B2","48421","60130","Business Management","63.20","Operational Delivery"
"Ministry of Defence","Ministry of Defence","Defence Infrastructure Organisation","26677","B2","48421","60130","Performance Management","10.00","Internal Audit"
"Ministry of Defence","Ministry of Defence","Head Office and Corporate Services","00005654","D","23661","29383","Executive Assistant","1.00","Other"
"Ministry of Defence","Ministry of Defence","Army","1167535","C1","36004","44711","Community Service","10.00","Operational Delivery"
"Ministry of Defence","Ministry of Defence","Navy Command","1105340","C1","36004","44711","Estate Planning","4.00","Property and asset management"
"Ministry of Defence","Ministry of Defence","Royal Air Force Air Command","1017733","B2","48421","60130","Operational Analysis","5.00","Science and Engineering"
"Ministry of Defence","Ministry of Defence","Defence Equipment and Support","00009000","B2","48421","60130","Claims","1.00","Law"
"Ministry of Defence","Ministry of Defence","Defence Infrastructure Organisation","26677","B2","48421","60130","Policy Advisor","11.00","Policy"
"Ministry of Defence","Ministry of Defence","Head Office and Corporate Services","00005654","B1","57000","72907","Senior Press Officer","1.00","Communications"
"Ministry of Defence","Ministry of Defence","Army","1167535","C1","36004","44711","Consultancy","5.00","Operational Delivery"
"Ministry of Defence","Ministry of Defence","Navy Command","1105340","C1","36004","44711","Estates Management","1.00","Property and asset management"
"Ministry of Defence","Ministry of Defence","Royal Air Force Air Command","1017733","B2","48421","60130","Reporting and Controls","2.00","Finance"
"Ministry of Defence","Ministry of Defence","Defence Equipment and Support","00009000","B2","48421","60130","Combat Systems Engineering","4.00","Science and Engineering"
"Ministry of Defence","Ministry of Defence","Defence Infrastructure Organisation","26677","B2","48421","60130","Programme Management","8.00","Programme and Project Management (PPM)"
"Ministry of Defence","Ministry of Defence","Head Office and Corporate Services","00005654","B2","48421","60130","Press Officer","3.00","Communications"
"Ministry of Defence","Ministry of Defence","Army","1167535","C1","36004","44711","Decision Support","29.89","Finance"
"Ministry of Defence","Ministry of Defence","Navy Command","1105340","C1","36004","44711","External Communications","5.00","Communications"
"Ministry of Defence","Ministry of Defence","Royal Air Force Air Command","1017733","B2","48421","60130","Safety Management","1.00","Operational Delivery"
"Ministry of Defence","Ministry of Defence","Defence Equipment and Support","00009000","B2","48421","60130","Commercial Analysis","4.00","Procurement"
"Ministry of Defence","Ministry of Defence","Defence Infrastructure Organisation","26677","B2","48421","60130","Project Management","57.10","Programme and Project Management (PPM)"
"Ministry of Defence","Ministry of Defence","Head Office and Corporate Services","00005654","D","23661","29383","Office Manager","1.00","Other"
"Ministry of Defence","Ministry of Defence","Army","1167535","C1","36004","44711","Design and Imagery","2.00","Communications"
"Ministry of Defence","Ministry of Defence","Navy Command","1105340","C1","36004","44711","Information Technology","2.00","Information Technology"
"Ministry of Defence","Ministry of Defence","Royal Air Force Air Command","1017733","B2","48421","60130","Secretariat & Private Office","1.00","Operational Delivery"
"Ministry of Defence","Ministry of Defence","Defence Equipment and Support","00009000","B2","48421","60130","Commercial Operations","31.64","Procurement"
"Ministry of Defence","Ministry of Defence","Defence Infrastructure Organisation","26677","B2","48421","60130","Quantity Surveying","3.00","Property and asset management"
"Ministry of Defence","Ministry of Defence","Head Office and Corporate Services","00005654","C1","36004","44711","Press Officer","3.00","Communications"
"Ministry of Defence","Ministry of Defence","Army","1167535","C1","36004","44711","Direct Military Support","3.00","Operational Delivery"
"Ministry of Defence","Ministry of Defence","Navy Command","1105340","C1","36004","44711","Internal Communications","1.00","Communications"
"Ministry of Defence","Ministry of Defence","Royal Air Force Air Command","1017733","B2","48421","60130","Transport & Movement","1.00","Operational Delivery"
"Ministry of Defence","Ministry of Defence","Defence Equipment and Support","00009000","B2","48421","60130","Commercial Strategy","15.00","Procurement"
"Ministry of Defence","Ministry of Defence","Defence Infrastructure Organisation","26677","B2","48421","60130","Risk Management","1.00","Programme and Project Management (PPM)"
"Ministry of Defence","Ministry of Defence","Head Office and Corporate Services","00005654","C1","36004","44711","Press Officer","1.00","Communications"
"Ministry of Defence","Ministry of Defence","Army","1167535","C1","36004","44711","Estate Planning","1.00","Property and asset management"
"Ministry of Defence","Ministry of Defence","Navy Command","1105340","C1","36004","44711","Inventory Management","8.00","Operational Delivery"
"Ministry of Defence","Ministry of Defence","Royal Air Force Air Command","1017733","C1","36004","44711","Acoustics","1.00","Science and Engineering"
"Ministry of Defence","Ministry of Defence","Defence Equipment and Support","00009000","B2","48421","60130","Communication Planning","1.00","Communications"
"Ministry of Defence","Ministry of Defence","Defence Infrastructure Organisation","26677","B2","48421","60130","Safety Management","1.00","Operational Delivery"
"Ministry of Defence","Ministry of Defence","Head Office and Corporate Services","00005654","C2","29551","36696","Press Officer","12.00","Communications"
"Ministry of Defence","Ministry of Defence","Army","1167535","C1","36004","44711","External Communications","8.00","Communications"
"Ministry of Defence","Ministry of Defence","Navy Command","1105340","C1","36004","44711","Knowledge Info Management","1.00","Knowledge and Information Management (KIM)"
"Ministry of Defence","Ministry of Defence","Royal Air Force Air Command","1017733","C1","36004","44711","AeroEng(Aero/Struct/Mech)","2.00","Science and Engineering"
"Ministry of Defence","Ministry of Defence","Defence Equipment and Support","00009000","B2","48421","60130","Computer Science & Engineering","1.00","Information Technology"
"Ministry of Defence","Ministry of Defence","Defence Infrastructure Organisation","26677","B2","48421","60130","Safety,Health,Enviroment&Fire","1.00","Operational Delivery"
"Ministry of Defence","Ministry of Defence","Head Office and Corporate Services","00005654","E1","18554","22345","Communications Support Officer","1.00","Other"
"Ministry of Defence","Ministry of Defence","Army","1167535","C1","36004","44711","Information Technology","11.00","Information Technology"
"Ministry of Defence","Ministry of Defence","Navy Command","1105340","C1","36004","44711","Logistics Management","3.00","Operational Delivery"
"Ministry of Defence","Ministry of Defence","Royal Air Force Air Command","1017733","C1","36004","44711","Business Management","14.59","Operational Delivery"
"Ministry of Defence","Ministry of Defence","Defence Equipment and Support","00009000","B2","48421","60130","Consultancy","4.81","Operational Delivery"
"Ministry of Defence","Ministry of Defence","Defence Infrastructure Organisation","26677","B2","48421","60130","Secretariat & Private Office","3.00","Operational Delivery"
"Ministry of Defence","Ministry of Defence","Head Office and Corporate Services","00005654","E2","15779","19003","Communications Support Officer","1.00","Other"
"Ministry of Defence","Ministry of Defence","Army","1167535","C1","36004","44711","Intelligence Analysis","1.00","Operational Delivery"
"Ministry of Defence","Ministry of Defence","Navy Command","1105340","C1","36004","44711","Museum","1.00","Knowledge and Information Management (KIM)"
"Ministry of Defence","Ministry of Defence","Royal Air Force Air Command","1017733","C1","36004","44711","Community Service","1.00","Operational Delivery"
"Ministry of Defence","Ministry of Defence","Defence Equipment and Support","00009000","B2","48421","60130","Contract Perf Meas & Mgnt","19.62","Procurement"
"Ministry of Defence","Ministry of Defence","Defence Infrastructure Organisation","26677","B2","48421","60130","Soft Facilities Management","1.00","Property and asset management"
"Ministry of Defence","Ministry of Defence","Head Office and Corporate Services","00005654","OF4","68679","79524","Press Officer","3.00","Military"
"Ministry of Defence","Ministry of Defence","Army","1167535","C1","36004","44711","Inventory Management","1.00","Operational Delivery"
"Ministry of Defence","Ministry of Defence","Navy Command","1105340","C1","36004","44711","Nuclear Propulsion","15.00","Science and Engineering"
"Ministry of Defence","Ministry of Defence","Royal Air Force Air Command","1017733","C1","36004","44711","Decision Support","17.00","Finance"
"Ministry of Defence","Ministry of Defence","Defence Equipment and Support","00009000","B2","48421","60130","Decision Support","69.67","Finance"
"Ministry of Defence","Ministry of Defence","Defence Infrastructure Organisation","26677","B2","48421","60130","Sustainable Development","2.00","Operational Delivery"
"Ministry of Defence","Ministry of Defence","Head Office and Corporate Services","00005654","B2","48421","60130","Communications Manager","2.00","Communications"
"Ministry of Defence","Ministry of Defence","Army","1167535","C1","36004","44711","Knowledge Info Management","1.00","Knowledge and Information Management (KIM)"
"Ministry of Defence","Ministry of Defence","Navy Command","1105340","C1","36004","44711","Nuclear Weapons","2.00","Science and Engineering"
"Ministry of Defence","Ministry of Defence","Royal Air Force Air Command","1017733","C1","36004","44711","Design and Imagery","1.00","Communications"
"Ministry of Defence","Ministry of Defence","Defence Equipment and Support","00009000","B2","48421","60130","Government Quality Assurance","7.00","Programme and Project Management (PPM)"
"Ministry of Defence","Ministry of Defence","Defence Infrastructure Organisation","26677","B2","48421","60130","Technical [Trades]","6.00","Science and Engineering"
"Ministry of Defence","Ministry of Defence","Head Office and Corporate Services","00005654","C1","36004","44711","Communications Manager","7.00","Communications"
"Ministry of Defence","Ministry of Defence","Army","1167535","C1","36004","44711","Legal","1.00","Law"
"Ministry of Defence","Ministry of Defence","Navy Command","1105340","C1","36004","44711","Obsolete Security","1.00","Operational Delivery"
"Ministry of Defence","Ministry of Defence","Royal Air Force Air Command","1017733","C1","36004","44711","Estates Management","2.00","Property and asset management"
"Ministry of Defence","Ministry of Defence","Defence Equipment and Support","00009000","B2","48421","60130","Information Assurance","1.00","Knowledge and Information Management (KIM)"
"Ministry of Defence","Ministry of Defence","Defence Infrastructure Organisation","26677","B2","48421","60130","Technology Management","1.00","Programme and Project Management (PPM)"
"Ministry of Defence","Ministry of Defence","Head Office and Corporate Services","00005654","C2","29551","36696","Communications Manager","3.00","Communications"
"Ministry of Defence","Ministry of Defence","Army","1167535","C1","36004","44711","Knowledge & Information Management Manager","1.00","Knowledge and Information Management (KIM)"
"Ministry of Defence","Ministry of Defence","Navy Command","1105340","C1","36004","44711","Occupational Psychology","1.00","Psychology"
"Ministry of Defence","Ministry of Defence","Royal Air Force Air Command","1017733","C1","36004","44711","External Communications","4.00","Communications"
"Ministry of Defence","Ministry of Defence","Defence Equipment and Support","00009000","B2","48421","60130","Information Technology","4.00","Information Technology"
"Ministry of Defence","Ministry of Defence","Defence Infrastructure Organisation","26677","B2","48421","60130","Training Support","1.00","Operational Delivery"
"Ministry of Defence","Ministry of Defence","Head Office and Corporate Services","00005654","E1","18554","22345","Communications Support Officer","3.00","Other"
"Ministry of Defence","Ministry of Defence","Army","1167535","C1","36004","44711","Museum","4.00","Knowledge and Information Management (KIM)"
"Ministry of Defence","Ministry of Defence","Navy Command","1105340","C1","36004","44711","Operational Analysis","4.00","Science and Engineering"
"Ministry of Defence","Ministry of Defence","Royal Air Force Air Command","1017733","C1","36004","44711","Occupational Psychology","2.00","Psychology"
"Ministry of Defence","Ministry of Defence","Defence Equipment and Support","00009000","B2","48421","60130","Internal Communications","2.00","Communications"
"Ministry of Defence","Ministry of Defence","Defence Infrastructure Organisation","26677","C1","36004","44711","Administrative Support","3.00","Operational Delivery"
"Ministry of Defence","Ministry of Defence","Head Office and Corporate Services","00005654","OF3","48934","58605","Communications Manager","8.00","Military"
"Ministry of Defence","Ministry of Defence","Army","1167535","C1","36004","44711","Obsolete Security","2.00","Operational Delivery"
"Ministry of Defence","Ministry of Defence","Navy Command","1105340","C1","36004","44711","Performance Management","1.00","Internal Audit"
"Ministry of Defence","Ministry of Defence","Royal Air Force Air Command","1017733","C1","36004","44711","Operational Analysis","13.00","Science and Engineering"
"Ministry of Defence","Ministry of Defence","Defence Equipment and Support","00009000","B2","48421","60130","Inventory Management","17.94","Operational Delivery"
"Ministry of Defence","Ministry of Defence","Defence Infrastructure Organisation","26677","C1","36004","44711","Audit and Assurance","2.00","Internal Audit"
"Ministry of Defence","Ministry of Defence","Head Office and Corporate Services","00005654","OF4","68679","79524","Communications Manager","6.00","Military"
"Ministry of Defence","Ministry of Defence","Army","1167535","C1","36004","44711","Occupational Psychology","2.00","Psychology"
"Ministry of Defence","Ministry of Defence","Navy Command","1105340","C1","36004","44711","Policy Advisor","2.00","Policy"
"Ministry of Defence","Ministry of Defence","Royal Air Force Air Command","1017733","C1","36004","44711","Project Management","2.00","Programme and Project Management (PPM)"
"Ministry of Defence","Ministry of Defence","Defence Equipment and Support","00009000","B2","48421","60130","Investigative Accounting","7.75","Finance"
"Ministry of Defence","Ministry of Defence","Defence Infrastructure Organisation","26677","C1","36004","44711","Building Surveying","1.00","Property and asset management"
"Ministry of Defence","Ministry of Defence","Head Office and Corporate Services","00005654","OF5","83205","91466","Communications Manager","4.00","Military"
"Ministry of Defence","Ministry of Defence","Army","1167535","C1","36004","44711","Performance Management","1.00","Internal Audit"
"Ministry of Defence","Ministry of Defence","Navy Command","1105340","C1","36004","44711","Port Operations","1.00","Operational Delivery"
"Ministry of Defence","Ministry of Defence","Royal Air Force Air Command","1017733","C1","36004","44711","Reporting and Controls","3.00","Finance"
"Ministry of Defence","Ministry of Defence","Defence Equipment and Support","00009000","B2","48421","60130","Knowledge Info Management","5.79","Knowledge and Information Management (KIM)"
"Ministry of Defence","Ministry of Defence","Defence Infrastructure Organisation","26677","C1","36004","44711","Business Management","13.74","Operational Delivery"
"Ministry of Defence","Ministry of Defence","Head Office and Corporate Services","00005654","OR7-8","34039","44315","Communications Support Officer","2.00","Military"
"Ministry of Defence","Ministry of Defence","Army","1167535","C1","36004","44711","Policy Advisor","2.00","Policy"
"Ministry of Defence","Ministry of Defence","Navy Command","1105340","C1","36004","44711","Programme Management","2.49","Programme and Project Management (PPM)"
"Ministry of Defence","Ministry of Defence","Royal Air Force Air Command","1017733","C1","36004","44711","Safety Management","0.40","Operational Delivery"
"Ministry of Defence","Ministry of Defence","Defence Equipment and Support","00009000","B2","48421","60130","Land Sys Eng(Elect/Electronic)","2.00","Science and Engineering"
"Ministry of Defence","Ministry of Defence","Defence Infrastructure Organisation","26677","C1","36004","44711","Commercial Operations","22.00","Procurement"
"Ministry of Defence","Ministry of Defence","Head Office and Corporate Services","00005654","Skill Zone 3","18190","22372","Communications Support Officer","0.00","Other"
"Ministry of Defence","Ministry of Defence","Army","1167535","C1","36004","44711","Programme Management","6.81","Programme and Project Management (PPM)"
"Ministry of Defence","Ministry of Defence","Navy Command","1105340","C1","36004","44711","Project Management","4.00","Programme and Project Management (PPM)"
"Ministry of Defence","Ministry of Defence","Royal Air Force Air Command","1017733","C1","36004","44711","Safety,Health,Enviroment&Fire","3.00","Operational Delivery"
"Ministry of Defence","Ministry of Defence","Defence Equipment and Support","00009000","B2","48421","60130","Land Sys Eng(Struct/Mech)","1.00","Science and Engineering"
"Ministry of Defence","Ministry of Defence","Defence Infrastructure Organisation","26677","C1","36004","44711","Communication Planning","2.00","Communications"
"Ministry of Defence","Ministry of Defence","Head Office and Corporate Services","00005654","B1","57000","72907","Communications Manager","1.00","Communications"
"Ministry of Defence","Ministry of Defence","Army","1167535","C1","36004","44711","Project Management","17.00","Programme and Project Management (PPM)"
"Ministry of Defence","Ministry of Defence","Navy Command","1105340","C1","36004","44711","Reporting and Controls","0.94","Finance"
"Ministry of Defence","Ministry of Defence","Royal Air Force Air Command","1017733","C1","36004","44711","Secretariat & Private Office","4.00","Operational Delivery"
"Ministry of Defence","Ministry of Defence","Defence Equipment and Support","00009000","B2","48421","60130","Logistics Management","1.00","Operational Delivery"
"Ministry of Defence","Ministry of Defence","Defence Infrastructure Organisation","26677","C1","36004","44711","Consultancy","1.00","Operational Delivery"
"Ministry of Defence","Ministry of Defence","Head Office and Corporate Services","00005654","B2","48421","60130","Communications Manager","1.00","Communications"
"Ministry of Defence","Ministry of Defence","Army","1167535","C1","36004","44711","Reporting and Controls","3.00","Finance"
"Ministry of Defence","Ministry of Defence","Navy Command","1105340","C1","36004","44711","Safety Management","1.00","Operational Delivery"
"Ministry of Defence","Ministry of Defence","Royal Air Force Air Command","1017733","C1","36004","44711","Specialist Instruction","10.00","Operational Delivery"
"Ministry of Defence","Ministry of Defence","Defence Equipment and Support","00009000","B2","48421","60130","Marine Engineering","14.51","Science and Engineering"
"Ministry of Defence","Ministry of Defence","Defence Infrastructure Organisation","26677","C1","36004","44711","Contract Perf Meas & Mgnt","14.60","Procurement"
"Ministry of Defence","Ministry of Defence","Head Office and Corporate Services","00005654","D","23661","29383","Communications Support Officer","9.00","Communications"
"Ministry of Defence","Ministry of Defence","Army","1167535","C1","36004","44711","Safety,Health,Enviroment&Fire","3.00","Operational Delivery"
"Ministry of Defence","Ministry of Defence","Navy Command","1105340","C1","36004","44711","Safety,Health,Enviroment&Fire","5.00","Operational Delivery"
"Ministry of Defence","Ministry of Defence","Royal Air Force Air Command","1017733","C1","36004","44711","Sustainable Development","1.00","Operational Delivery"
"Ministry of Defence","Ministry of Defence","Defence Equipment and Support","00009000","B2","48421","60130","Naval Architecture","12.48","Science and Engineering"
"Ministry of Defence","Ministry of Defence","Defence Infrastructure Organisation","26677","C1","36004","44711","Decision Support","19.81","Finance"
"Ministry of Defence","Ministry of Defence","Head Office and Corporate Services","00005654","D","23661","29383","Business Manager","1.00","Other"
"Ministry of Defence","Ministry of Defence","Army","1167535","C1","36004","44711","Engineering & Science","3.00","Science and Engineering"
"Ministry of Defence","Ministry of Defence","Navy Command","1105340","C1","36004","44711","Science - Chemistry","1.00","Science and Engineering"
"Ministry of Defence","Ministry of Defence","Royal Air Force Air Command","1017733","C1","36004","44711","Systems Engineering","1.00","Science and Engineering"
"Ministry of Defence","Ministry of Defence","Defence Equipment and Support","00009000","B2","48421","60130","Nuclear Propulsion","15.00","Science and Engineering"
"Ministry of Defence","Ministry of Defence","Defence Infrastructure Organisation","26677","C1","36004","44711","Energy Management","7.94","Operational Delivery"
"Ministry of Defence","Ministry of Defence","Head Office and Corporate Services","00005654","C1","36004","44711","Communications Manager","11.00","Communications"
"Ministry of Defence","Ministry of Defence","Army","1167535","C1","36004","44711","Secretariat & Private Office","5.00","Operational Delivery"
"Ministry of Defence","Ministry of Defence","Navy Command","1105340","C1","36004","44711","Science - Material Science","1.00","Science and Engineering"
"Ministry of Defence","Ministry of Defence","Royal Air Force Air Command","1017733","C1","36004","44711","Teaching","1.00","Operational Delivery"
"Ministry of Defence","Ministry of Defence","Defence Equipment and Support","00009000","B2","48421","60130","Nuclear Weapons","3.00","Science and Engineering"
"Ministry of Defence","Ministry of Defence","Defence Infrastructure Organisation","26677","C1","36004","44711","Technology Management","1.00","Information Technology"
"Ministry of Defence","Ministry of Defence","Head Office and Corporate Services","00005654","C1","36004","44711","Business Manager","1.00","Other"
"Ministry of Defence","Ministry of Defence","Army","1167535","C1","36004","44711","Security Management","1.00","Operational Delivery"
"Ministry of Defence","Ministry of Defence","Navy Command","1105340","C1","36004","44711","Science & Engineering policy","4.00","Science and Engineering"
"Ministry of Defence","Ministry of Defence","Royal Air Force Air Command","1017733","C1","36004","44711","Technical [Trades]","1.00","Science and Engineering"
"Ministry of Defence","Ministry of Defence","Defence Equipment and Support","00009000","B2","48421","60130","Operational Analysis","1.00","Science and Engineering"
"Ministry of Defence","Ministry of Defence","Defence Infrastructure Organisation","26677","C1","36004","44711","EnvironmentalManagementAssessm","16.00","Operational Delivery"
"Ministry of Defence","Ministry of Defence","Head Office and Corporate Services","00005654","C2","29551","36696","Communications Manager","11.00","Communications"
"Ministry of Defence","Ministry of Defence","Army","1167535","C1","36004","44711","Service HR Expert","3.00","Human Resources"
"Ministry of Defence","Ministry of Defence","Navy Command","1105340","C1","36004","44711","Secretariat & Private Office","3.00","Operational Delivery"
"Ministry of Defence","Ministry of Defence","Royal Air Force Air Command","1017733","C1","36004","44711","Through Life Support","1.00","Operational Delivery"
"Ministry of Defence","Ministry of Defence","Defence Equipment and Support","00009000","B2","48421","60130","Performance Management","3.00","Internal Audit"
"Ministry of Defence","Ministry of Defence","Defence Infrastructure Organisation","26677","C1","36004","44711","Estate Advice","40.50","Property and asset management"
"Ministry of Defence","Ministry of Defence","Head Office and Corporate Services","00005654","E1","18554","22345","Communications Support Officer","4.00","Other"
"Ministry of Defence","Ministry of Defence","Army","1167535","C1","36004","44711","Service HR Service Provider","1.00","Human Resources"
"Ministry of Defence","Ministry of Defence","Navy Command","1105340","C1","36004","44711","Security Advice","1.00","Operational Delivery"
"Ministry of Defence","Ministry of Defence","Royal Air Force Air Command","1017733","C1","36004","44711","Training Support","5.00","Operational Delivery"
"Ministry of Defence","Ministry of Defence","Defence Equipment and Support","00009000","B2","48421","60130","Policy Advisor","1.00","Policy"
"Ministry of Defence","Ministry of Defence","Defence Infrastructure Organisation","26677","C1","36004","44711","Estate Planning","6.00","Property and asset management"
"Ministry of Defence","Ministry of Defence","Head Office and Corporate Services","00005654","B1","57000","72907","Engineering and Science","1.00","Science and Engineering"
"Ministry of Defence","Ministry of Defence","Army","1167535","C1","36004","44711","Specialist Instruction","12.00","Operational Delivery"
"Ministry of Defence","Ministry of Defence","Navy Command","1105340","C1","36004","44711","Service HR Expert","2.00","Human Resources"
"Ministry of Defence","Ministry of Defence","Royal Air Force Air Command","1017733","C2","29551","36696","Acoustics","2.00","Science and Engineering"
"Ministry of Defence","Ministry of Defence","Defence Equipment and Support","00009000","B2","48421","60130","Programme Management","181.80","Programme and Project Management (PPM)"
"Ministry of Defence","Ministry of Defence","Defence Infrastructure Organisation","26677","C1","36004","44711","Estate Surveying","46.51","Property and asset management"
"Ministry of Defence","Ministry of Defence","Head Office and Corporate Services","00005654","B1","57000","72907","Engineering and Science","1.00","Science and Engineering"
"Ministry of Defence","Ministry of Defence","Army","1167535","C1","36004","44711","Sustainable Development","1.00","Operational Delivery"
"Ministry of Defence","Ministry of Defence","Navy Command","1105340","C1","36004","44711","Technology and Business Management","1.00","Science and Engineering"
"Ministry of Defence","Ministry of Defence","Royal Air Force Air Command","1017733","C2","29551","36696","Administrative Support","8.00","Operational Delivery"
"Ministry of Defence","Ministry of Defence","Defence Equipment and Support","00009000","B2","48421","60130","Project Management","151.60","Programme and Project Management (PPM)"
"Ministry of Defence","Ministry of Defence","Defence Infrastructure Organisation","26677","C1","36004","44711","Estates Management","91.31","Property and asset management"
"Ministry of Defence","Ministry of Defence","Head Office and Corporate Services","00005654","B1","57000","72907","Safety Management","1.00","Science and Engineering"
"Ministry of Defence","Ministry of Defence","Army","1167535","C1","36004","44711","Systems Engineering","2.00","Science and Engineering"
"Ministry of Defence","Ministry of Defence","Navy Command","1105340","C1","36004","44711","Through Life Support","1.00","Operational Delivery"
"Ministry of Defence","Ministry of Defence","Royal Air Force Air Command","1017733","C2","29551","36696","AeroEng(Aero/Struct/Mech)","7.00","Science and Engineering"
"Ministry of Defence","Ministry of Defence","Defence Equipment and Support","00009000","B2","48421","60130","Quality Management","2.00","Programme and Project Management (PPM)"
"Ministry of Defence","Ministry of Defence","Defence Infrastructure Organisation","26677","C1","36004","44711","External Communications","2.00","Communications"
"Ministry of Defence","Ministry of Defence","Head Office and Corporate Services","00005654","B1","57000","72907","Safety Management","1.00","Science and Engineering"
"Ministry of Defence","Ministry of Defence","Army","1167535","C1","36004","44711","Teaching","9.00","Operational Delivery"
"Ministry of Defence","Ministry of Defence","Navy Command","1105340","C1","36004","44711","Transport & Movement","2.00","Operational Delivery"
"Ministry of Defence","Ministry of Defence","Royal Air Force Air Command","1017733","C2","29551","36696","Audit and Assurance","2.00","Internal Audit"
"Ministry of Defence","Ministry of Defence","Defence Equipment and Support","00009000","B2","48421","60130","Reporting and Controls","1.00","Finance"
"Ministry of Defence","Ministry of Defence","Defence Infrastructure Organisation","26677","C1","36004","44711","Geospatial Analyst","2.00","Operational Delivery"
"Ministry of Defence","Ministry of Defence","Head Office and Corporate Services","00005654","B2","48421","60130","Engineering and Science","6.00","Science and Engineering"
"Ministry of Defence","Ministry of Defence","Army","1167535","C1","36004","44711","Technical [Trades]","2.00","Science and Engineering"
"Ministry of Defence","Ministry of Defence","Navy Command","1105340","C1","36004","44711","WOME Production","1.00","Science and Engineering"
"Ministry of Defence","Ministry of Defence","Royal Air Force Air Command","1017733","C2","29551","36696","Business Management","38.92","Operational Delivery"
"Ministry of Defence","Ministry of Defence","Defence Equipment and Support","00009000","B2","48421","60130","Risk Management","1.00","Programme and Project Management (PPM)"
"Ministry of Defence","Ministry of Defence","Defence Infrastructure Organisation","26677","C1","36004","44711","Housing Service Delivery","18.00","Property and asset management"
"Ministry of Defence","Ministry of Defence","Head Office and Corporate Services","00005654","B2","48421","60130","Safety Management","2.00","Science and Engineering"
"Ministry of Defence","Ministry of Defence","Army","1167535","C1","36004","44711","Training Support","4.00","Operational Delivery"
"Ministry of Defence","Ministry of Defence","Navy Command","1105340","C1","36004","44711","WOME Safety","0.64","Science and Engineering"
"Ministry of Defence","Ministry of Defence","Royal Air Force Air Command","1017733","C2","29551","36696","Civilian HR Partner","2.00","Human Resources"
"Ministry of Defence","Ministry of Defence","Defence Equipment and Support","00009000","B2","48421","60130","Safety Management","21.00","Operational Delivery"
"Ministry of Defence","Ministry of Defence","Defence Infrastructure Organisation","26677","C1","36004","44711","Information Technology","3.00","Information Technology"
"Ministry of Defence","Ministry of Defence","Head Office and Corporate Services","00005654","B2","48421","60130","Safety Management","1.00","Science and Engineering"
"Ministry of Defence","Ministry of Defence","Army","1167535","C1 MSF","36004","44711","Administrative Support","2.00","Operational Delivery"
"Ministry of Defence","Ministry of Defence","Navy Command","1105340","C1 MSF","36004","44711","Business Management","0.60","Operational Delivery"
"Ministry of Defence","Ministry of Defence","Royal Air Force Air Command","1017733","C2","29551","36696","Civilian HR Service Provider","1.00","Human Resources"
"Ministry of Defence","Ministry of Defence","Defence Equipment and Support","00009000","B2","48421","60130","Safety,Health,Enviroment&Fire","1.00","Operational Delivery"
"Ministry of Defence","Ministry of Defence","Defence Infrastructure Organisation","26677","C1","36004","44711","IT SECURITY","2.00","Information Technology"
"Ministry of Defence","Ministry of Defence","Head Office and Corporate Services","00005654","B2","48421","60130","Safety Management","1.00","Policy"
"Ministry of Defence","Ministry of Defence","Army","1167535","C1 MSF","36004","44711","Audit and Assurance","1.00","Internal Audit"
"Ministry of Defence","Ministry of Defence","Navy Command","1105340","C1 MSF","36004","44711","Community Service","1.00","Operational Delivery"
"Ministry of Defence","Ministry of Defence","Royal Air Force Air Command","1017733","C2","29551","36696","Combat Systems Engineering","1.00","Science and Engineering"
"Ministry of Defence","Ministry of Defence","Defence Equipment and Support","00009000","B2","48421","60130","Science & Engineering policy","4.00","Science and Engineering"
"Ministry of Defence","Ministry of Defence","Defence Infrastructure Organisation","26677","C1","36004","44711","Knowledge Info Management","4.00","Knowledge and Information Management (KIM)"
"Ministry of Defence","Ministry of Defence","Head Office and Corporate Services","00005654","B2","48421","60130","Safety Management","2.00","Science and Engineering"
"Ministry of Defence","Ministry of Defence","Army","1167535","C1 MSF","36004","44711","Business Management","32.00","Operational Delivery"
"Ministry of Defence","Ministry of Defence","Navy Command","1105340","C1 MSF","36004","44711","Direct Military Support","6.00","Operational Delivery"
"Ministry of Defence","Ministry of Defence","Royal Air Force Air Command","1017733","C2","29551","36696","Community Development Work","1.00","Operational Delivery"
"Ministry of Defence","Ministry of Defence","Defence Equipment and Support","00009000","B2","48421","60130","Science&Technology Management","1.00","Science and Engineering"
"Ministry of Defence","Ministry of Defence","Defence Infrastructure Organisation","26677","C1","36004","44711","Legal","3.72","Law"
"Ministry of Defence","Ministry of Defence","Head Office and Corporate Services","00005654","B2","48421","60130","Safety Management","1.00","Science and Engineering"
"Ministry of Defence","Ministry of Defence","Army","1167535","C1 MSF","36004","44711","Civilian HR Expert","1.00","Human Resources"
"Ministry of Defence","Ministry of Defence","Navy Command","1105340","C1 MSF","36004","44711","EnvironmentalManagementAssessm","1.00","Operational Delivery"
"Ministry of Defence","Ministry of Defence","Royal Air Force Air Command","1017733","C2","29551","36696","Community Service","5.00","Operational Delivery"
"Ministry of Defence","Ministry of Defence","Defence Equipment and Support","00009000","B2","48421","60130","Secretariat & Private Office","9.00","Operational Delivery"
"Ministry of Defence","Ministry of Defence","Defence Infrastructure Organisation","26677","C1","36004","44711","MGS Unarmed Guarding","2.00","Operational Delivery"
"Ministry of Defence","Ministry of Defence","Head Office and Corporate Services","00005654","C1","36004","44711","Engineering and Science","10.00","Science and Engineering"
"Ministry of Defence","Ministry of Defence","Army","1167535","C1 MSF","36004","44711","Community Service","1.00","Operational Delivery"
"Ministry of Defence","Ministry of Defence","Navy Command","1105340","C1 MSF","36004","44711","Security Advice","3.00","Operational Delivery"
"Ministry of Defence","Ministry of Defence","Royal Air Force Air Command","1017733","C2","29551","36696","Computer Science & Engineering","1.00","Information Technology"
"Ministry of Defence","Ministry of Defence","Defence Equipment and Support","00009000","B2","48421","60130","Security Advice","2.00","Operational Delivery"
"Ministry of Defence","Ministry of Defence","Defence Infrastructure Organisation","26677","C1","36004","44711","Performance Management","6.00","Internal Audit"
"Ministry of Defence","Ministry of Defence","Head Office and Corporate Services","00005654","C1","36004","44711","Business Manager","1.00","Planning"
"Ministry of Defence","Ministry of Defence","Army","1167535","C1 MSF","36004","44711","Direct Military Support","21.00","Operational Delivery"
"Ministry of Defence","Ministry of Defence","Navy Command","1105340","C1 MSF","36004","44711","Service HR Service Provider","1.00","Human Resources"
"Ministry of Defence","Ministry of Defence","Royal Air Force Air Command","1017733","C2","29551","36696","Consultancy","1.00","Operational Delivery"
"Ministry of Defence","Ministry of Defence","Defence Equipment and Support","00009000","B2","48421","60130","Security Policy","1.00","Operational Delivery"
"Ministry of Defence","Ministry of Defence","Defence Infrastructure Organisation","26677","C1","36004","44711","Policy Advisor","20.60","Policy"
"Ministry of Defence","Ministry of Defence","Head Office and Corporate Services","00005654","C1","36004","44711","Safety Management","3.00","Science and Engineering"
"Ministry of Defence","Ministry of Defence","Army","1167535","C1 MSF","36004","44711","Information Technology","3.00","Information Technology"
"Ministry of Defence","Ministry of Defence","Navy Command","1105340","C1 MSF","36004","44711","Through Life Support","1.00","Operational Delivery"
"Ministry of Defence","Ministry of Defence","Royal Air Force Air Command","1017733","C2","29551","36696","Contract Perf Meas & Mgnt","1.00","Procurement"
"Ministry of Defence","Ministry of Defence","Defence Equipment and Support","00009000","B2","48421","60130","Site Estate","1.00","Property and asset management"
"Ministry of Defence","Ministry of Defence","Defence Infrastructure Organisation","26677","C1","36004","44711","Programme Management","13.00","Programme and Project Management (PPM)"
"Ministry of Defence","Ministry of Defence","Head Office and Corporate Services","00005654","C1","36004","44711","Safety Management","7.00","Science and Engineering"
"Ministry of Defence","Ministry of Defence","Army","1167535","C1 MSF","36004","44711","Legal","1.00","Law"
"Ministry of Defence","Ministry of Defence","Navy Command","1105340","C2","29551","36696","Administrative Support","6.60","Operational Delivery"
"Ministry of Defence","Ministry of Defence","Royal Air Force Air Command","1017733","C2","29551","36696","Decision Support","38.00","Finance"
"Ministry of Defence","Ministry of Defence","Defence Equipment and Support","00009000","B2","48421","60130","Sustainable Development","1.00","Operational Delivery"
"Ministry of Defence","Ministry of Defence","Defence Infrastructure Organisation","26677","C1","36004","44711","Project Management","124.80","Programme and Project Management (PPM)"
"Ministry of Defence","Ministry of Defence","Head Office and Corporate Services","00005654","C1","36004","44711","Safety Management","2.00","Policy"
"Ministry of Defence","Ministry of Defence","Army","1167535","C1 MSF","36004","44711","Obsolete Security","1.00","Operational Delivery"
"Ministry of Defence","Ministry of Defence","Navy Command","1105340","C2","29551","36696","AeroEng(Aero/Struct/Mech)","16.54","Science and Engineering"
"Ministry of Defence","Ministry of Defence","Royal Air Force Air Command","1017733","C2","29551","36696","Design and Imagery","6.00","Communications"
"Ministry of Defence","Ministry of Defence","Defence Equipment and Support","00009000","B2","48421","60130","Systems Engineering","25.00","Science and Engineering"
"Ministry of Defence","Ministry of Defence","Defence Infrastructure Organisation","26677","C1","36004","44711","Project Planning & Scheduling","2.00","Programme and Project Management (PPM)"
"Ministry of Defence","Ministry of Defence","Head Office and Corporate Services","00005654","C1","36004","44711","Safety Management","8.00","Science and Engineering"
"Ministry of Defence","Ministry of Defence","Army","1167535","C1 MSF","36004","44711","Operations & Capability Audit","1.00","Policy"
"Ministry of Defence","Ministry of Defence","Navy Command","1105340","C2","29551","36696","Afloat Support","3.00","Operational Delivery"
"Ministry of Defence","Ministry of Defence","Royal Air Force Air Command","1017733","C2","29551","36696","Direct Military Support","1.00","Operational Delivery"
"Ministry of Defence","Ministry of Defence","Defence Equipment and Support","00009000","B2","48421","60130","SystemSafety&Enviromental Mgt","1.00","Programme and Project Management (PPM)"
"Ministry of Defence","Ministry of Defence","Defence Infrastructure Organisation","26677","C1","36004","44711","Quantity Surveying","26.40","Property and asset management"
"Ministry of Defence","Ministry of Defence","Head Office and Corporate Services","00005654","C1","36004","44711","Safety Management","3.00","Science and Engineering"
"Ministry of Defence","Ministry of Defence","Army","1167535","C1 MSF","36004","44711","Programme Management","1.00","Programme and Project Management (PPM)"
"Ministry of Defence","Ministry of Defence","Navy Command","1105340","C2","29551","36696","Audit and Assurance","1.00","Internal Audit"
"Ministry of Defence","Ministry of Defence","Royal Air Force Air Command","1017733","C2","29551","36696","E-Communcations","0.70","Communications"
"Ministry of Defence","Ministry of Defence","Defence Equipment and Support","00009000","B2","48421","60130","Teaching","1.00","Operational Delivery"
"Ministry of Defence","Ministry of Defence","Defence Infrastructure Organisation","26677","C1","36004","44711","Range Management","1.00","Property and asset management"
"Ministry of Defence","Ministry of Defence","Head Office and Corporate Services","00005654","C2","29551","36696","Engineering and Science","1.00","Science and Engineering"
"Ministry of Defence","Ministry of Defence","Army","1167535","C1 MSF","36004","44711","Project Management","1.00","Programme and Project Management (PPM)"
"Ministry of Defence","Ministry of Defence","Navy Command","1105340","C2","29551","36696","Business Continuity","1.00","Operational Delivery"
"Ministry of Defence","Ministry of Defence","Royal Air Force Air Command","1017733","C2","29551","36696","EnvironmentalManagementAssessm","6.54","Operational Delivery"
"Ministry of Defence","Ministry of Defence","Defence Equipment and Support","00009000","B2","48421","60130","Through Life Support","9.00","Operational Delivery"
"Ministry of Defence","Ministry of Defence","Defence Infrastructure Organisation","26677","C1","36004","44711","Reporting and Controls","1.00","Finance"
"Ministry of Defence","Ministry of Defence","Head Office and Corporate Services","00005654","C2","29551","36696","Safety Management","3.00","Science and Engineering"
"Ministry of Defence","Ministry of Defence","Army","1167535","C1 MSF","36004","44711","Safety,Health,Enviroment&Fire","2.00","Operational Delivery"
"Ministry of Defence","Ministry of Defence","Navy Command","1105340","C2","29551","36696","Business Management","40.48","Operational Delivery"
"Ministry of Defence","Ministry of Defence","Royal Air Force Air Command","1017733","C2","29551","36696","Estates Management","2.00","Property and asset management"
"Ministry of Defence","Ministry of Defence","Defence Equipment and Support","00009000","B2","48421","60130","WOME Assets","1.00","Science and Engineering"
"Ministry of Defence","Ministry of Defence","Defence Infrastructure Organisation","26677","C1","36004","44711","Risk Management","4.00","Programme and Project Management (PPM)"
"Ministry of Defence","Ministry of Defence","Head Office and Corporate Services","00005654","C2","29551","36696","Safety Management","5.00","Science and Engineering"
"Ministry of Defence","Ministry of Defence","Army","1167535","C2","29551","36696","Acoustics","1.00","Science and Engineering"
"Ministry of Defence","Ministry of Defence","Navy Command","1105340","C2","29551","36696","Chemical/Bio Science and Tech","0.81","Science and Engineering"
"Ministry of Defence","Ministry of Defence","Royal Air Force Air Command","1017733","C2","29551","36696","External Communications","11.00","Communications"
"Ministry of Defence","Ministry of Defence","Defence Equipment and Support","00009000","B2","48421","60130","WOME Production","4.00","Science and Engineering"
"Ministry of Defence","Ministry of Defence","Defence Infrastructure Organisation","26677","C1","36004","44711","Safety Management","12.00","Operational Delivery"
"Ministry of Defence","Ministry of Defence","Head Office and Corporate Services","00005654","C2","29551","36696","Safety Management","11.00","Policy"
"Ministry of Defence","Ministry of Defence","Army","1167535","C2","29551","36696","Administrative Support","17.87","Operational Delivery"
"Ministry of Defence","Ministry of Defence","Navy Command","1105340","C2","29551","36696","Civilian HR Expert","2.00","Human Resources"
"Ministry of Defence","Ministry of Defence","Royal Air Force Air Command","1017733","C2","29551","36696","Historical","2.00","Knowledge and Information Management (KIM)"
"Ministry of Defence","Ministry of Defence","Defence Equipment and Support","00009000","B2","48421","60130","WOME Safety","8.00","Science and Engineering"
"Ministry of Defence","Ministry of Defence","Defence Infrastructure Organisation","26677","C1","36004","44711","Safety,Health,Enviroment&Fire","3.00","Operational Delivery"
"Ministry of Defence","Ministry of Defence","Head Office and Corporate Services","00005654","C2","29551","36696","Safety Management","10.00","Science and Engineering"
"Ministry of Defence","Ministry of Defence","Army","1167535","C2","29551","36696","AeroEng(Aero/Struct/Mech)","1.00","Science and Engineering"
"Ministry of Defence","Ministry of Defence","Navy Command","1105340","C2","29551","36696","Communication Planning","1.00","Communications"
"Ministry of Defence","Ministry of Defence","Royal Air Force Air Command","1017733","C2","29551","36696","Information Technology","17.59","Information Technology"
"Ministry of Defence","Ministry of Defence","Defence Equipment and Support","00009000","C1","36004","44711","Administrative Support","10.00","Operational Delivery"
"Ministry of Defence","Ministry of Defence","Defence Infrastructure Organisation","26677","C1","36004","44711","Secretarial","1.00","Operational Delivery"
"Ministry of Defence","Ministry of Defence","Head Office and Corporate Services","00005654","C2","29551","36696","Safety Management","1.00","Science and Engineering"
"Ministry of Defence","Ministry of Defence","Army","1167535","C2","29551","36696","AeroEng(Electronics/Avionics)","1.00","Science and Engineering"
"Ministry of Defence","Ministry of Defence","Navy Command","1105340","C2","29551","36696","Community Development Work","3.00","Operational Delivery"
"Ministry of Defence","Ministry of Defence","Royal Air Force Air Command","1017733","C2","29551","36696","Intelligence Analysis","2.00","Operational Delivery"
"Ministry of Defence","Ministry of Defence","Defence Equipment and Support","00009000","C1","36004","44711","AeroEng(Aero/Struct/Mech)","67.50","Science and Engineering"
"Ministry of Defence","Ministry of Defence","Defence Infrastructure Organisation","26677","C1","36004","44711","Secretariat & Private Office","5.78","Operational Delivery"
"Ministry of Defence","Ministry of Defence","Head Office and Corporate Services","00005654","D","23661","29383","Administrative Support","1.00","Other"
"Ministry of Defence","Ministry of Defence","Army","1167535","C2","29551","36696","Audit and Assurance","3.00","Internal Audit"
"Ministry of Defence","Ministry of Defence","Navy Command","1105340","C2","29551","36696","Community Service","20.89","Operational Delivery"
"Ministry of Defence","Ministry of Defence","Royal Air Force Air Command","1017733","C2","29551","36696","Internal Communications","1.00","Communications"
"Ministry of Defence","Ministry of Defence","Defence Equipment and Support","00009000","C1","36004","44711","AeroEng(Electronics/Avionics)","13.00","Science and Engineering"
"Ministry of Defence","Ministry of Defence","Defence Infrastructure Organisation","26677","C1","36004","44711","Security Advice","4.00","Operational Delivery"
"Ministry of Defence","Ministry of Defence","Head Office and Corporate Services","00005654","D","23661","29383","Engineering and Science","1.00","Science and Engineering"
"Ministry of Defence","Ministry of Defence","Army","1167535","C2","29551","36696","Business Management","111.67","Operational Delivery"
"Ministry of Defence","Ministry of Defence","Navy Command","1105340","C2","29551","36696","Consultancy","1.00","Operational Delivery"
"Ministry of Defence","Ministry of Defence","Royal Air Force Air Command","1017733","C2","29551","36696","Inventory Management","2.00","Operational Delivery"
"Ministry of Defence","Ministry of Defence","Defence Equipment and Support","00009000","C1","36004","44711","Audit and Assurance","7.00","Internal Audit"
"Ministry of Defence","Ministry of Defence","Defence Infrastructure Organisation","26677","C1","36004","44711","Soft Facilities Management","10.00","Property and asset management"
"Ministry of Defence","Ministry of Defence","Head Office and Corporate Services","00005654","D","23661","29383","Engineering and Science","1.00","Science and Engineering"
"Ministry of Defence","Ministry of Defence","Army","1167535","C2","29551","36696","Commercial Operations","2.00","Procurement"
"Ministry of Defence","Ministry of Defence","Navy Command","1105340","C2","29551","36696","Decision Support","22.75","Finance"
"Ministry of Defence","Ministry of Defence","Royal Air Force Air Command","1017733","C2","29551","36696","Knowledge Info Management","7.00","Knowledge and Information Management (KIM)"
"Ministry of Defence","Ministry of Defence","Defence Equipment and Support","00009000","C1","36004","44711","Business Management","123.70","Operational Delivery"
"Ministry of Defence","Ministry of Defence","Defence Infrastructure Organisation","26677","C1","36004","44711","Technical [Trades]","9.00","Science and Engineering"
"Ministry of Defence","Ministry of Defence","Head Office and Corporate Services","00005654","D","23661","29383","Programme Manager","1.00","Science and Engineering"
"Ministry of Defence","Ministry of Defence","Army","1167535","C2","29551","36696","Commercial Policy","0.91","Procurement"
"Ministry of Defence","Ministry of Defence","Navy Command","1105340","C2","29551","36696","Design and Imagery","2.00","Communications"
"Ministry of Defence","Ministry of Defence","Royal Air Force Air Command","1017733","C2","29551","36696","Occupational Psychology","2.81","Psychology"
"Ministry of Defence","Ministry of Defence","Defence Equipment and Support","00009000","C1","36004","44711","Chemical/Bio Science and Tech","2.00","Science and Engineering"
"Ministry of Defence","Ministry of Defence","Defence Infrastructure Organisation","26677","C1","36004","44711","Technology Management","1.00","Programme and Project Management (PPM)"
"Ministry of Defence","Ministry of Defence","Head Office and Corporate Services","00005654","D","23661","29383","Safety Management","7.00","Policy"
"Ministry of Defence","Ministry of Defence","Army","1167535","C2","29551","36696","Communication Planning","11.00","Communications"
"Ministry of Defence","Ministry of Defence","Navy Command","1105340","C2","29551","36696","Direct Military Support","3.00","Operational Delivery"
"Ministry of Defence","Ministry of Defence","Royal Air Force Air Command","1017733","C2","29551","36696","Operational Analysis","6.00","Science and Engineering"
"Ministry of Defence","Ministry of Defence","Defence Equipment and Support","00009000","C1","36004","44711","Civilian HR Expert","1.00","Human Resources"
"Ministry of Defence","Ministry of Defence","Defence Infrastructure Organisation","26677","C1","36004","44711","Town & Country Planning","4.80","Property and asset management"
"Ministry of Defence","Ministry of Defence","Head Office and Corporate Services","00005654","E1","18554","22345","Administrative Support","2.00","Other"
"Ministry of Defence","Ministry of Defence","Army","1167535","C2","29551","36696","Communication Training","2.90","Communications"
"Ministry of Defence","Ministry of Defence","Navy Command","1105340","C2","29551","36696","Driving","1.00","Operational Delivery"
"Ministry of Defence","Ministry of Defence","Royal Air Force Air Command","1017733","C2","29551","36696","Performance Management","3.00","Internal Audit"
"Ministry of Defence","Ministry of Defence","Defence Equipment and Support","00009000","C1","36004","44711","Civilian HR Service Provider","3.80","Human Resources"
"Ministry of Defence","Ministry of Defence","Defence Infrastructure Organisation","26677","C1","36004","44711","Training Support","2.52","Operational Delivery"
"Ministry of Defence","Ministry of Defence","Head Office and Corporate Services","00005654","E1","18554","22345","Diary Manager","1.00","Other"
"Ministry of Defence","Ministry of Defence","Army","1167535","C2","29551","36696","Community Development Work","1.00","Operational Delivery"
"Ministry of Defence","Ministry of Defence","Navy Command","1105340","C2","29551","36696","E-Communcations","1.28","Communications"
"Ministry of Defence","Ministry of Defence","Royal Air Force Air Command","1017733","C2","29551","36696","Programme Management","1.00","Programme and Project Management (PPM)"
"Ministry of Defence","Ministry of Defence","Defence Equipment and Support","00009000","C1","36004","44711","Combat Systems Engineering","19.00","Science and Engineering"
"Ministry of Defence","Ministry of Defence","Defence Infrastructure Organisation","26677","C2","29551","36696","Administrative Support","4.89","Operational Delivery"
"Ministry of Defence","Ministry of Defence","Head Office and Corporate Services","00005654","E1","18554","22345","Safety Management","7.00","Other"
"Ministry of Defence","Ministry of Defence","Army","1167535","C2","29551","36696","Community Service","32.00","Operational Delivery"
"Ministry of Defence","Ministry of Defence","Navy Command","1105340","C2","29551","36696","Employee Representative","1.00","Human Resources"
"Ministry of Defence","Ministry of Defence","Royal Air Force Air Command","1017733","C2","29551","36696","Project Management","7.00","Programme and Project Management (PPM)"
"Ministry of Defence","Ministry of Defence","Defence Equipment and Support","00009000","C1","36004","44711","Commercial Analysis","17.69","Procurement"
"Ministry of Defence","Ministry of Defence","Defence Infrastructure Organisation","26677","C2","29551","36696","Audit and Assurance","3.00","Internal Audit"
"Ministry of Defence","Ministry of Defence","Head Office and Corporate Services","00005654","OF2","38848","46199","Engineering and Science","2.00","Military"
"Ministry of Defence","Ministry of Defence","Army","1167535","C2","29551","36696","Configuration Management","1.00","Planning"
"Ministry of Defence","Ministry of Defence","Navy Command","1105340","C2","29551","36696","Environmental Health","2.00","Operational Delivery"
"Ministry of Defence","Ministry of Defence","Royal Air Force Air Command","1017733","C2","29551","36696","Quality Management","1.00","Programme and Project Management (PPM)"
"Ministry of Defence","Ministry of Defence","Defence Equipment and Support","00009000","C1","36004","44711","Commercial Operations","125.66","Procurement"
"Ministry of Defence","Ministry of Defence","Defence Infrastructure Organisation","26677","C2","29551","36696","Building Surveying","1.00","Property and asset management"
"Ministry of Defence","Ministry of Defence","Head Office and Corporate Services","00005654","OF2","38848","46199","Engineering and Science","1.00","Science and Engineering"
"Ministry of Defence","Ministry of Defence","Army","1167535","C2","29551","36696","Consultancy","5.00","Operational Delivery"
"Ministry of Defence","Ministry of Defence","Navy Command","1105340","C2","29551","36696","Estate Advice","2.00","Property and asset management"
"Ministry of Defence","Ministry of Defence","Royal Air Force Air Command","1017733","C2","29551","36696","Reporting and Controls","10.00","Finance"
"Ministry of Defence","Ministry of Defence","Defence Equipment and Support","00009000","C1","36004","44711","Commercial Strategy","6.00","Procurement"
"Ministry of Defence","Ministry of Defence","Defence Infrastructure Organisation","26677","C2","29551","36696","Business Continuity","1.00","Operational Delivery"
"Ministry of Defence","Ministry of Defence","Head Office and Corporate Services","00005654","OF3","48934","58605","Engineering and Science","2.00","Military"
"Ministry of Defence","Ministry of Defence","Army","1167535","C2","29551","36696","Customer Services","7.81","Operational Delivery"
"Ministry of Defence","Ministry of Defence","Navy Command","1105340","C2","29551","36696","Estate Planning","4.00","Property and asset management"
"Ministry of Defence","Ministry of Defence","Royal Air Force Air Command","1017733","C2","29551","36696","Safety Management","4.00","Operational Delivery"
"Ministry of Defence","Ministry of Defence","Defence Equipment and Support","00009000","C1","36004","44711","Communication Planning","1.00","Communications"
"Ministry of Defence","Ministry of Defence","Defence Infrastructure Organisation","26677","C2","29551","36696","Business Management","11.87","Operational Delivery"
"Ministry of Defence","Ministry of Defence","Head Office and Corporate Services","00005654","OF3","48934","58605","Engineering and Science","2.00","Military"
"Ministry of Defence","Ministry of Defence","Army","1167535","C2","29551","36696","Customs & Immigratigration (MDP)","2.00","Operational Delivery"
"Ministry of Defence","Ministry of Defence","Navy Command","1105340","C2","29551","36696","External Communications","8.80","Communications"
"Ministry of Defence","Ministry of Defence","Royal Air Force Air Command","1017733","C2","29551","36696","Safety,Health,Enviroment&Fire","23.67","Operational Delivery"
"Ministry of Defence","Ministry of Defence","Defence Equipment and Support","00009000","C1","36004","44711","Computer Science & Engineering","1.00","Information Technology"
"Ministry of Defence","Ministry of Defence","Defence Infrastructure Organisation","26677","C2","29551","36696","Civilian Training","1.00","Operational Delivery"
"Ministry of Defence","Ministry of Defence","Head Office and Corporate Services","00005654","OF3","48934","58605","Engineering and Science","2.00","Science and Engineering"
"Ministry of Defence","Ministry of Defence","Army","1167535","C2","29551","36696","Decision Support","74.22","Finance"
"Ministry of Defence","Ministry of Defence","Navy Command","1105340","C2","29551","36696","Historical","2.00","Knowledge and Information Management (KIM)"
"Ministry of Defence","Ministry of Defence","Royal Air Force Air Command","1017733","C2","29551","36696","Secretariat & Private Office","11.21","Operational Delivery"
"Ministry of Defence","Ministry of Defence","Defence Equipment and Support","00009000","C1","36004","44711","Configuration Management","1.00","Planning"
"Ministry of Defence","Ministry of Defence","Defence Infrastructure Organisation","26677","C2","29551","36696","Commercial Operations","19.43","Procurement"
"Ministry of Defence","Ministry of Defence","Head Office and Corporate Services","00005654","OF3","48934","58605","Safety Management","3.00","Military"
"Ministry of Defence","Ministry of Defence","Army","1167535","C2","29551","36696","Defence Export Services","1.00","Operational Delivery"
"Ministry of Defence","Ministry of Defence","Navy Command","1105340","C2","29551","36696","Information Technology","18.18","Information Technology"
"Ministry of Defence","Ministry of Defence","Royal Air Force Air Command","1017733","C2","29551","36696","Service HR Service Provider","8.00","Human Resources"
"Ministry of Defence","Ministry of Defence","Defence Equipment and Support","00009000","C1","36004","44711","Consultancy","18.64","Operational Delivery"
"Ministry of Defence","Ministry of Defence","Defence Infrastructure Organisation","26677","C2","29551","36696","Communication Planning","1.64","Communications"
"Ministry of Defence","Ministry of Defence","Head Office and Corporate Services","00005654","OF4","68679","79524","Engineering and Science","2.00","Military"
"Ministry of Defence","Ministry of Defence","Army","1167535","C2","29551","36696","Design and Imagery","4.00","Communications"
"Ministry of Defence","Ministry of Defence","Navy Command","1105340","C2","29551","36696","Internal Communications","2.00","Communications"
"Ministry of Defence","Ministry of Defence","Royal Air Force Air Command","1017733","C2","29551","36696","Soft Facilities Management","1.00","Property and asset management"
"Ministry of Defence","Ministry of Defence","Defence Equipment and Support","00009000","C1","36004","44711","Contract Perf Meas & Mgnt","71.11","Procurement"
"Ministry of Defence","Ministry of Defence","Defence Infrastructure Organisation","26677","C2","29551","36696","Contract Perf Meas & Mgnt","13.78","Procurement"
"Ministry of Defence","Ministry of Defence","Head Office and Corporate Services","00005654","OF4","68679","79524","Engineering and Science","1.00","Military"
"Ministry of Defence","Ministry of Defence","Army","1167535","C2","29551","36696","Direct Military Support","52.87","Operational Delivery"
"Ministry of Defence","Ministry of Defence","Navy Command","1105340","C2","29551","36696","Inventory Management","11.00","Operational Delivery"
"Ministry of Defence","Ministry of Defence","Royal Air Force Air Command","1017733","C2","29551","36696","Specialist Instruction","87.39","Operational Delivery"
"Ministry of Defence","Ministry of Defence","Defence Equipment and Support","00009000","C1","36004","44711","Customer Services","2.00","Operational Delivery"
"Ministry of Defence","Ministry of Defence","Defence Infrastructure Organisation","26677","C2","29551","36696","Decision Support","22.54","Finance"
"Ministry of Defence","Ministry of Defence","Head Office and Corporate Services","00005654","OF4","68679","79524","Engineering and Science","2.00","Science and Engineering"
"Ministry of Defence","Ministry of Defence","Army","1167535","C2","29551","36696","E-Communcations","8.00","Communications"
"Ministry of Defence","Ministry of Defence","Navy Command","1105340","C2","29551","36696","IT SECURITY","0.68","Information Technology"
"Ministry of Defence","Ministry of Defence","Royal Air Force Air Command","1017733","C2","29551","36696","Statistical Analysis","1.00","Statisticians"
"Ministry of Defence","Ministry of Defence","Defence Equipment and Support","00009000","C1","36004","44711","Decision Support","156.20","Finance"
"Ministry of Defence","Ministry of Defence","Defence Infrastructure Organisation","26677","C2","29551","36696","Direct Military Support","2.00","Operational Delivery"
"Ministry of Defence","Ministry of Defence","Head Office and Corporate Services","00005654","OF4","68679","79524","Programme Manager","1.00","Military"
"Ministry of Defence","Ministry of Defence","Army","1167535","C2","29551","36696","Environmental Health","5.00","Operational Delivery"
"Ministry of Defence","Ministry of Defence","Navy Command","1105340","C2","29551","36696","Knowledge Info Management","5.00","Knowledge and Information Management (KIM)"
"Ministry of Defence","Ministry of Defence","Royal Air Force Air Command","1017733","C2","29551","36696","Teaching","4.81","Operational Delivery"
"Ministry of Defence","Ministry of Defence","Defence Equipment and Support","00009000","C1","36004","44711","EnvironmentalManagementAssessm","1.00","Operational Delivery"
"Ministry of Defence","Ministry of Defence","Defence Infrastructure Organisation","26677","C2","29551","36696","E-Communcations","2.00","Communications"
"Ministry of Defence","Ministry of Defence","Head Office and Corporate Services","00005654","OF4","68679","79524","Safety Management","1.00","Military"
"Ministry of Defence","Ministry of Defence","Army","1167535","C2","29551","36696","EnvironmentalManagementAssessm","1.00","Operational Delivery"
"Ministry of Defence","Ministry of Defence","Navy Command","1105340","C2","29551","36696","Logistics [Trades]","1.00","Operational Delivery"
"Ministry of Defence","Ministry of Defence","Royal Air Force Air Command","1017733","C2","29551","36696","Through Life Support","3.78","Operational Delivery"
"Ministry of Defence","Ministry of Defence","Defence Equipment and Support","00009000","C1","36004","44711","Estate Advice","1.00","Property and asset management"
"Ministry of Defence","Ministry of Defence","Defence Infrastructure Organisation","26677","C2","29551","36696","Energy Management","8.27","Operational Delivery"
"Ministry of Defence","Ministry of Defence","Head Office and Corporate Services","00005654","OF4","68679","79524","Safety Management","1.00","Military"
"Ministry of Defence","Ministry of Defence","Army","1167535","C2","29551","36696","Estate Advice","5.00","Property and asset management"
"Ministry of Defence","Ministry of Defence","Navy Command","1105340","C2","29551","36696","Logistics Management","1.00","Operational Delivery"
"Ministry of Defence","Ministry of Defence","Royal Air Force Air Command","1017733","C2","29551","36696","Training Support","27.50","Operational Delivery"
"Ministry of Defence","Ministry of Defence","Defence Equipment and Support","00009000","C1","36004","44711","Estates Management","1.00","Property and asset management"
"Ministry of Defence","Ministry of Defence","Defence Infrastructure Organisation","26677","C2","29551","36696","Technology Management","1.00","Information Technology"
"Ministry of Defence","Ministry of Defence","Head Office and Corporate Services","00005654","OF5","83205","91466","Programme Manager","1.00","Science and Engineering"
"Ministry of Defence","Ministry of Defence","Army","1167535","C2","29551","36696","Estate Planning","3.00","Property and asset management"
"Ministry of Defence","Ministry of Defence","Navy Command","1105340","C2","29551","36696","Marine Engineering","3.00","Science and Engineering"
"Ministry of Defence","Ministry of Defence","Royal Air Force Air Command","1017733","C2","29551","36696","Transport & Movement","2.00","Operational Delivery"
"Ministry of Defence","Ministry of Defence","Defence Equipment and Support","00009000","C1","36004","44711","External Communications","1.00","Communications"
"Ministry of Defence","Ministry of Defence","Defence Infrastructure Organisation","26677","C2","29551","36696","EnvironmentalManagementAssessm","22.29","Operational Delivery"
"Ministry of Defence","Ministry of Defence","Head Office and Corporate Services","00005654","OR5-6","30750","37836","Engineering and Science","1.00","Science and Engineering"
"Ministry of Defence","Ministry of Defence","Army","1167535","C2","29551","36696","Estates Management","2.00","Property and asset management"
"Ministry of Defence","Ministry of Defence","Navy Command","1105340","C2","29551","36696","Material Accounting","1.00","Operational Delivery"
"Ministry of Defence","Ministry of Defence","Royal Air Force Air Command","1017733","D","23661","29383","Acoustics","2.00","Science and Engineering"
"Ministry of Defence","Ministry of Defence","Defence Equipment and Support","00009000","C1","36004","44711","Government Quality Assurance","38.64","Programme and Project Management (PPM)"
"Ministry of Defence","Ministry of Defence","Defence Infrastructure Organisation","26677","C2","29551","36696","Estate Advice","29.80","Property and asset management"
"Ministry of Defence","Ministry of Defence","Head Office and Corporate Services","00005654","OR7-8","34039","44315","Engineering and Science","1.00","Military"
"Ministry of Defence","Ministry of Defence","Army","1167535","C2","29551","36696","External Communications","4.00","Communications"
"Ministry of Defence","Ministry of Defence","Navy Command","1105340","C2","29551","36696","Naval Architecture","2.00","Science and Engineering"
"Ministry of Defence","Ministry of Defence","Royal Air Force Air Command","1017733","D","23661","29383","Administrative Support","41.38","Operational Delivery"
"Ministry of Defence","Ministry of Defence","Defence Equipment and Support","00009000","C1","36004","44711","Information Assurance","4.00","Knowledge and Information Management (KIM)"
"Ministry of Defence","Ministry of Defence","Defence Infrastructure Organisation","26677","C2","29551","36696","Estate Planning","1.43","Property and asset management"
"Ministry of Defence","Ministry of Defence","Head Office and Corporate Services","00005654","OR7-8","34039","44315","Engineering and Science","10.00","Military"
"Ministry of Defence","Ministry of Defence","Army","1167535","C2","29551","36696","Information Technology","55.81","Information Technology"
"Ministry of Defence","Ministry of Defence","Navy Command","1105340","C2","29551","36696","Nuclear Propulsion","42.40","Science and Engineering"
"Ministry of Defence","Ministry of Defence","Royal Air Force Air Command","1017733","D","23661","29383","AeroEng(Aero/Struct/Mech)","4.40","Science and Engineering"
"Ministry of Defence","Ministry of Defence","Defence Equipment and Support","00009000","C1","36004","44711","Information Technology","28.75","Information Technology"
"Ministry of Defence","Ministry of Defence","Defence Infrastructure Organisation","26677","C2","29551","36696","Estate Surveying","35.32","Property and asset management"
"Ministry of Defence","Ministry of Defence","Head Office and Corporate Services","00005654","OR7-8","34039","44315","Engineering and Science","1.00","Science and Engineering"
"Ministry of Defence","Ministry of Defence","Army","1167535","C2","29551","36696","Inventory Management","4.00","Operational Delivery"
"Ministry of Defence","Ministry of Defence","Navy Command","1105340","C2","29551","36696","Nuclear Weapons","2.00","Science and Engineering"
"Ministry of Defence","Ministry of Defence","Royal Air Force Air Command","1017733","D","23661","29383","AeroEng(Electronics/Avionics)","2.00","Science and Engineering"
"Ministry of Defence","Ministry of Defence","Defence Equipment and Support","00009000","C1","36004","44711","Internal Communications","6.00","Communications"
"Ministry of Defence","Ministry of Defence","Defence Infrastructure Organisation","26677","C2","29551","36696","Estates Management","133.12","Property and asset management"
"Ministry of Defence","Ministry of Defence","Head Office and Corporate Services","00005654","OR7-8","34039","44315","Engineering and Science","2.00","Science and Engineering"
"Ministry of Defence","Ministry of Defence","Army","1167535","C2","29551","36696","IT SECURITY","1.00","Information Technology"
"Ministry of Defence","Ministry of Defence","Navy Command","1105340","C2","29551","36696","Obsolete Security","1.00","Operational Delivery"
"Ministry of Defence","Ministry of Defence","Royal Air Force Air Command","1017733","D","23661","29383","Audit and Assurance","0.81","Internal Audit"
"Ministry of Defence","Ministry of Defence","Defence Equipment and Support","00009000","C1","36004","44711","Inventory Management","67.70","Operational Delivery"
"Ministry of Defence","Ministry of Defence","Defence Infrastructure Organisation","26677","C2","29551","36696","External Communications","1.00","Communications"
"Ministry of Defence","Ministry of Defence","Head Office and Corporate Services","00005654","OR7-8","34039","44315","Programme Manager","1.00","Military"
"Ministry of Defence","Ministry of Defence","Army","1167535","C2","29551","36696","Knowledge Info Management","15.00","Knowledge and Information Management (KIM)"
"Ministry of Defence","Ministry of Defence","Navy Command","1105340","C2","29551","36696","Occupational Psychology","1.00","Psychology"
"Ministry of Defence","Ministry of Defence","Royal Air Force Air Command","1017733","D","23661","29383","Business Continuity","1.00","Operational Delivery"
"Ministry of Defence","Ministry of Defence","Defence Equipment and Support","00009000","C1","36004","44711","Investigative Accounting","43.86","Finance"
"Ministry of Defence","Ministry of Defence","Defence Infrastructure Organisation","26677","C2","29551","36696","Forestry","3.00","Property and asset management"
"Ministry of Defence","Ministry of Defence","Head Office and Corporate Services","00005654","OR7-8","34039","44315","Safety Management","2.00","Military"
"Ministry of Defence","Ministry of Defence","Army","1167535","C2","29551","36696","Legal","4.00","Law"
"Ministry of Defence","Ministry of Defence","Navy Command","1105340","C2","29551","36696","Operational Analysis","5.81","Science and Engineering"
"Ministry of Defence","Ministry of Defence","Royal Air Force Air Command","1017733","D","23661","29383","Business Management","44.81","Operational Delivery"
"Ministry of Defence","Ministry of Defence","Defence Equipment and Support","00009000","C1","36004","44711","Knowledge Info Management","21.81","Knowledge and Information Management (KIM)"
"Ministry of Defence","Ministry of Defence","Defence Infrastructure Organisation","26677","C2","29551","36696","Geospatial Analyst","4.00","Operational Delivery"
"Ministry of Defence","Ministry of Defence","Head Office and Corporate Services","00005654","OR9","39548","47902","Engineering and Science","2.00","Military"
"Ministry of Defence","Ministry of Defence","Army","1167535","C2","29551","36696","Knowledge & Information Management Manager","6.00","Knowledge and Information Management (KIM)"
"Ministry of Defence","Ministry of Defence","Navy Command","1105340","C2","29551","36696","Performance Management","2.00","Internal Audit"
"Ministry of Defence","Ministry of Defence","Royal Air Force Air Command","1017733","D","23661","29383","Civilian HR Service Provider","1.00","Human Resources"
"Ministry of Defence","Ministry of Defence","Defence Equipment and Support","00009000","C1","36004","44711","Land Sys Eng(Elect/Electronic)","1.00","Science and Engineering"
"Ministry of Defence","Ministry of Defence","Defence Infrastructure Organisation","26677","C2","29551","36696","Housing Service Delivery","40.36","Property and asset management"
"Ministry of Defence","Ministry of Defence","Head Office and Corporate Services","00005654","OR9","39548","47902","Engineering and Science","2.00","Science and Engineering"
"Ministry of Defence","Ministry of Defence","Army","1167535","C2","29551","36696","Logistics Management","1.00","Operational Delivery"
"Ministry of Defence","Ministry of Defence","Navy Command","1105340","C2","29551","36696","Policy Advisor","1.00","Policy"
"Ministry of Defence","Ministry of Defence","Royal Air Force Air Command","1017733","D","23661","29383","Civilian Training","1.00","Operational Delivery"
"Ministry of Defence","Ministry of Defence","Defence Equipment and Support","00009000","C1","36004","44711","Land Sys Eng(Struct/Mech)","9.00","Science and Engineering"
"Ministry of Defence","Ministry of Defence","Defence Infrastructure Organisation","26677","C2","29551","36696","Information Technology","6.35","Information Technology"
"Ministry of Defence","Ministry of Defence","Head Office and Corporate Services","00005654","OR9","39548","47902","Safety Management","2.00","Military"
"Ministry of Defence","Ministry of Defence","Army","1167535","C2","29551","36696","Museum","9.00","Knowledge and Information Management (KIM)"
"Ministry of Defence","Ministry of Defence","Navy Command","1105340","C2","29551","36696","Port Operations","3.00","Operational Delivery"
"Ministry of Defence","Ministry of Defence","Royal Air Force Air Command","1017733","D","23661","29383","Commercial Analysis","1.00","Procurement"
"Ministry of Defence","Ministry of Defence","Defence Equipment and Support","00009000","C1","36004","44711","Land Systems Eng (Weapons)","3.00","Science and Engineering"
"Ministry of Defence","Ministry of Defence","Defence Infrastructure Organisation","26677","C2","29551","36696","Internal Communications","1.00","Communications"
"Ministry of Defence","Ministry of Defence","Head Office and Corporate Services","00005654","OR9","39548","47902","Safety Management","1.00","Military"
"Ministry of Defence","Ministry of Defence","Army","1167535","C2","29551","36696","Obsolete Security","6.00","Operational Delivery"
"Ministry of Defence","Ministry of Defence","Navy Command","1105340","C2","29551","36696","Programme Management","4.00","Programme and Project Management (PPM)"
"Ministry of Defence","Ministry of Defence","Royal Air Force Air Command","1017733","D","23661","29383","Communication Planning","1.00","Communications"
"Ministry of Defence","Ministry of Defence","Defence Equipment and Support","00009000","C1","36004","44711","Marine Engineering","63.97","Science and Engineering"
"Ministry of Defence","Ministry of Defence","Defence Infrastructure Organisation","26677","C2","29551","36696","Knowledge Info Management","11.91","Knowledge and Information Management (KIM)"
"Ministry of Defence","Ministry of Defence","Head Office and Corporate Services","00005654","OF5","83205","91466","Engineering and Science","1.00","Military"
"Ministry of Defence","Ministry of Defence","Army","1167535","C2","29551","36696","Occupational Psychology","3.00","Psychology"
"Ministry of Defence","Ministry of Defence","Navy Command","1105340","C2","29551","36696","Project Management","13.00","Programme and Project Management (PPM)"
"Ministry of Defence","Ministry of Defence","Head Office and Corporate Services","00155792","B1","57000","72907","Programme Management","1.00","Programme and Project Management (PPM)"
"Ministry of Defence","Ministry of Defence","Royal Air Force Air Command","1017733","D","23661","29383","Community Service","7.00","Operational Delivery"
"Ministry of Defence","Ministry of Defence","Defence Equipment and Support","00009000","C1","36004","44711","Material Accounting","2.00","Operational Delivery"
"Ministry of Defence","Ministry of Defence","Defence Infrastructure Organisation","26677","C2","29551","36696","Legal","3.68","Law"
"Ministry of Defence","Ministry of Defence","Army","1167535","C2","29551","36696","Photography","4.00","Communications"
"Ministry of Defence","Ministry of Defence","Navy Command","1105340","C2","29551","36696","Quality Management","2.00","Programme and Project Management (PPM)"
"Ministry of Defence","Ministry of Defence","Head Office and Corporate Services","00155792","B2","48421","60130","AeroEng (Aero/Struct) Mech)","1.00","Science and Engineering"
"Ministry of Defence","Ministry of Defence","Royal Air Force Air Command","1017733","D","23661","29383","Contract Perf Meas & Mgnt","4.00","Procurement"
"Ministry of Defence","Ministry of Defence","Defence Equipment and Support","00009000","C1","36004","44711","Naval Architecture","15.00","Science and Engineering"
"Ministry of Defence","Ministry of Defence","Defence Infrastructure Organisation","26677","C2","29551","36696","Material Accounting","3.00","Operational Delivery"
"Ministry of Defence","Ministry of Defence","Army","1167535","C2","29551","36696","Policy Advisor","6.00","Policy"
"Ministry of Defence","Ministry of Defence","Navy Command","1105340","C2","29551","36696","Reporting and Controls","3.60","Finance"
"Ministry of Defence","Ministry of Defence","Head Office and Corporate Services","00155792","B2","48421","60130","Business Manager","1.00","Planning"
"Ministry of Defence","Ministry of Defence","Royal Air Force Air Command","1017733","D","23661","29383","Decision Support","49.18","Finance"
"Ministry of Defence","Ministry of Defence","Defence Equipment and Support","00009000","C1","36004","44711","Nuclear Propulsion","39.44","Science and Engineering"
"Ministry of Defence","Ministry of Defence","Defence Infrastructure Organisation","26677","C2","29551","36696","MGS Unarmed Guarding","14.00","Operational Delivery"
"Ministry of Defence","Ministry of Defence","Army","1167535","C2","29551","36696","Programme Management","8.00","Programme and Project Management (PPM)"
"Ministry of Defence","Ministry of Defence","Navy Command","1105340","C2","29551","36696","Risk Management","1.00","Programme and Project Management (PPM)"
"Ministry of Defence","Ministry of Defence","Head Office and Corporate Services","00155792","B2","48421","60130","Secretariat","1.00","Policy"
"Ministry of Defence","Ministry of Defence","Royal Air Force Air Command","1017733","D","23661","29383","Design and Imagery","31.80","Communications"
"Ministry of Defence","Ministry of Defence","Defence Equipment and Support","00009000","C1","36004","44711","Nuclear Weapons","25.00","Science and Engineering"
"Ministry of Defence","Ministry of Defence","Defence Infrastructure Organisation","26677","C2","29551","36696","Performance Management","6.67","Internal Audit"
"Ministry of Defence","Ministry of Defence","Army","1167535","C2","29551","36696","Project Management","23.26","Programme and Project Management (PPM)"
"Ministry of Defence","Ministry of Defence","Navy Command","1105340","C2","29551","36696","Safety Management","2.00","Operational Delivery"
"Ministry of Defence","Ministry of Defence","Head Office and Corporate Services","00155792","C1","36004","44711","AeroEng (Aero/Struct) Mech)","4.00","Science and Engineering"
"Ministry of Defence","Ministry of Defence","Royal Air Force Air Command","1017733","D","23661","29383","Direct Military Support","1.00","Operational Delivery"
"Ministry of Defence","Ministry of Defence","Defence Equipment and Support","00009000","C1","36004","44711","Obsolete Security","1.00","Operational Delivery"
"Ministry of Defence","Ministry of Defence","Defence Infrastructure Organisation","26677","C2","29551","36696","Policy Advisor","14.50","Policy"
"Ministry of Defence","Ministry of Defence","Army","1167535","C2","29551","36696","Quality Management","1.00","Programme and Project Management (PPM)"
"Ministry of Defence","Ministry of Defence","Navy Command","1105340","C2","29551","36696","Safety,Health,Enviroment&Fire","16.00","Operational Delivery"
"Ministry of Defence","Ministry of Defence","Head Office and Corporate Services","00155792","C1","36004","44711","Internal Communications","1.00","Communications"
"Ministry of Defence","Ministry of Defence","Royal Air Force Air Command","1017733","D","23661","29383","E-Communcations","1.00","Communications"
"Ministry of Defence","Ministry of Defence","Defence Equipment and Support","00009000","C1","36004","44711","Operational Analysis","2.60","Science and Engineering"
"Ministry of Defence","Ministry of Defence","Defence Infrastructure Organisation","26677","C2","29551","36696","Programme Management","11.60","Programme and Project Management (PPM)"
"Ministry of Defence","Ministry of Defence","Army","1167535","C2","29551","36696","Range Management","7.00","Property and asset management"
"Ministry of Defence","Ministry of Defence","Navy Command","1105340","C2","29551","36696","Salvage and Marine Operations","1.00","Operational Delivery"
"Ministry of Defence","Ministry of Defence","Head Office and Corporate Services","00155792","C1","36004","44711","Business Manager","1.00","Planning"
"Ministry of Defence","Ministry of Defence","Royal Air Force Air Command","1017733","D","23661","29383","Energy Management","5.00","Operational Delivery"
"Ministry of Defence","Ministry of Defence","Defence Equipment and Support","00009000","C1","36004","44711","Performance Management","12.60","Internal Audit"
"Ministry of Defence","Ministry of Defence","Defence Infrastructure Organisation","26677","C2","29551","36696","Project Management","50.68","Programme and Project Management (PPM)"
"Ministry of Defence","Ministry of Defence","Army","1167535","C2","29551","36696","Reporting and Controls","5.77","Finance"
"Ministry of Defence","Ministry of Defence","Navy Command","1105340","C2","29551","36696","Science - Chemistry","2.00","Science and Engineering"
"Ministry of Defence","Ministry of Defence","Head Office and Corporate Services","00155792","C1","36004","44711","Trainer","2.00","Policy"
"Ministry of Defence","Ministry of Defence","Royal Air Force Air Command","1017733","D","23661","29383","Environmental Health","2.00","Operational Delivery"
"Ministry of Defence","Ministry of Defence","Defence Equipment and Support","00009000","C1","36004","44711","Policy Advisor","8.72","Policy"
"Ministry of Defence","Ministry of Defence","Defence Infrastructure Organisation","26677","C2","29551","36696","Quantity Surveying","6.91","Property and asset management"
"Ministry of Defence","Ministry of Defence","Army","1167535","C2","29551","36696","Safety,Health,Enviroment&Fire","23.61","Operational Delivery"
"Ministry of Defence","Ministry of Defence","Navy Command","1105340","C2","29551","36696","Science - Material Science","2.00","Science and Engineering"
"Ministry of Defence","Ministry of Defence","Head Office and Corporate Services","00155792","C1","36004","44711","Not in post","1.00","Programme and Project Management (PPM)"
"Ministry of Defence","Ministry of Defence","Royal Air Force Air Command","1017733","D","23661","29383","EnvironmentalManagementAssessm","9.80","Operational Delivery"
"Ministry of Defence","Ministry of Defence","Defence Equipment and Support","00009000","C1","36004","44711","Programme Management","164.55","Programme and Project Management (PPM)"
"Ministry of Defence","Ministry of Defence","Defence Infrastructure Organisation","26677","C2","29551","36696","Range Management","18.00","Property and asset management"
"Ministry of Defence","Ministry of Defence","Army","1167535","C2","29551","36696","Engineering & Science","1.00","Science and Engineering"
"Ministry of Defence","Ministry of Defence","Navy Command","1105340","C2","29551","36696","Science - Microbiology","1.00","Science and Engineering"
"Ministry of Defence","Ministry of Defence","Head Office and Corporate Services","00155792","C1","36004","44711","Not in post","1.00","Planning"
"Ministry of Defence","Ministry of Defence","Royal Air Force Air Command","1017733","D","23661","29383","Estate Planning","2.00","Programme and Project Management (PPM)"
"Ministry of Defence","Ministry of Defence","Defence Equipment and Support","00009000","C1","36004","44711","Project Management","824.25","Programme and Project Management (PPM)"
"Ministry of Defence","Ministry of Defence","Defence Infrastructure Organisation","26677","C2","29551","36696","Reporting and Controls","6.00","Finance"
"Ministry of Defence","Ministry of Defence","Army","1167535","C2","29551","36696","Science&Technology Management","1.00","Science and Engineering"
"Ministry of Defence","Ministry of Defence","Navy Command","1105340","C2","29551","36696","Science & Engineering policy","8.00","Science and Engineering"
"Ministry of Defence","Ministry of Defence","Head Office and Corporate Services","00155792","C1","36004","44711","Secretariat","1.00","Policy"
"Ministry of Defence","Ministry of Defence","Royal Air Force Air Command","1017733","D","23661","29383","Estates Management","1.00","Programme and Project Management (PPM)"
"Ministry of Defence","Ministry of Defence","Defence Equipment and Support","00009000","C1","36004","44711","Project Security Officer","3.00","Operational Delivery"
"Ministry of Defence","Ministry of Defence","Defence Infrastructure Organisation","26677","C2","29551","36696","Risk Management","1.00","Programme and Project Management (PPM)"
"Ministry of Defence","Ministry of Defence","Army","1167535","C2","29551","36696","Secretariat & Private Office","16.81","Operational Delivery"
"Ministry of Defence","Ministry of Defence","Navy Command","1105340","C2","29551","36696","Secretariat & Private Office","13.08","Operational Delivery"
"Ministry of Defence","Ministry of Defence","Head Office and Corporate Services","00155792","C1","36004","44711","Not in post","1.00","Science and Engineering"
"Ministry of Defence","Ministry of Defence","Royal Air Force Air Command","1017733","D","23661","29383","External Communications","8.00","Communications"
"Ministry of Defence","Ministry of Defence","Defence Equipment and Support","00009000","C1","36004","44711","Protocol & Visits","1.00","Policy"
"Ministry of Defence","Ministry of Defence","Defence Infrastructure Organisation","26677","C2","29551","36696","Safety Management","2.00","Operational Delivery"
"Ministry of Defence","Ministry of Defence","Army","1167535","C2","29551","36696","Security Advice","1.00","Operational Delivery"
"Ministry of Defence","Ministry of Defence","Navy Command","1105340","C2","29551","36696","Security Advice","3.00","Operational Delivery"
"Ministry of Defence","Ministry of Defence","Head Office and Corporate Services","00155792","C2","29551","36696","AeroEng (Aero/Struct) Mech)","2.00","Science and Engineering"
"Ministry of Defence","Ministry of Defence","Royal Air Force Air Command","1017733","D","23661","29383","Government Quality Assurance","1.00","Programme and Project Management (PPM)"
"Ministry of Defence","Ministry of Defence","Defence Equipment and Support","00009000","C1","36004","44711","Quality Management","15.00","Programme and Project Management (PPM)"
"Ministry of Defence","Ministry of Defence","Defence Infrastructure Organisation","26677","C2","29551","36696","Safety,Health,Enviroment&Fire","2.00","Operational Delivery"
"Ministry of Defence","Ministry of Defence","Army","1167535","C2","29551","36696","Security Management","8.00","Operational Delivery"
"Ministry of Defence","Ministry of Defence","Navy Command","1105340","C2","29551","36696","Security Management","1.00","Operational Delivery"
"Ministry of Defence","Ministry of Defence","Head Office and Corporate Services","00155792","C2","29551","36696","Information Technology","1.00","Science and Engineering"
"Ministry of Defence","Ministry of Defence","Royal Air Force Air Command","1017733","D","23661","29383","Historical","5.00","Knowledge and Information Management (KIM)"
"Ministry of Defence","Ministry of Defence","Defence Equipment and Support","00009000","C1","36004","44711","Reporting and Controls","6.00","Finance"
"Ministry of Defence","Ministry of Defence","Defence Infrastructure Organisation","26677","C2","29551","36696","Secretarial","4.00","Operational Delivery"
"Ministry of Defence","Ministry of Defence","Army","1167535","C2","29551","36696","Service HR Expert","20.18","Human Resources"
"Ministry of Defence","Ministry of Defence","Navy Command","1105340","C2","29551","36696","Security Support","3.00","Operational Delivery"
"Ministry of Defence","Ministry of Defence","Head Office and Corporate Services","00155792","C2","29551","36696","Business Manager","1.00","Planning"
"Ministry of Defence","Ministry of Defence","Royal Air Force Air Command","1017733","D","23661","29383","Information Assurance","1.00","Knowledge and Information Management (KIM)"
"Ministry of Defence","Ministry of Defence","Defence Equipment and Support","00009000","C1","36004","44711","Risk Management","7.00","Programme and Project Management (PPM)"
"Ministry of Defence","Ministry of Defence","Defence Infrastructure Organisation","26677","C2","29551","36696","Secretariat & Private Office","5.00","Operational Delivery"
"Ministry of Defence","Ministry of Defence","Army","1167535","C2","29551","36696","Service HR Service Provider","17.00","Human Resources"
"Ministry of Defence","Ministry of Defence","Navy Command","1105340","C2","29551","36696","Service HR Expert","1.00","Human Resources"
"Ministry of Defence","Ministry of Defence","Head Office and Corporate Services","00155792","C2","29551","36696","Knowledge & Information Management Manager","1.00","Knowledge and Information Management (KIM)"
"Ministry of Defence","Ministry of Defence","Royal Air Force Air Command","1017733","D","23661","29383","Information Technology","58.00","Information Technology"
"Ministry of Defence","Ministry of Defence","Defence Equipment and Support","00009000","C1","36004","44711","Safety Management","79.40","Operational Delivery"
"Ministry of Defence","Ministry of Defence","Defence Infrastructure Organisation","26677","C2","29551","36696","Security Advice","1.00","Operational Delivery"
"Ministry of Defence","Ministry of Defence","Army","1167535","C2","29551","36696","Site Estate","1.00","Property and asset management"
"Ministry of Defence","Ministry of Defence","Navy Command","1105340","C2","29551","36696","Service HR Service Provider","2.62","Human Resources"
"Ministry of Defence","Ministry of Defence","Head Office and Corporate Services","00155792","C2","29551","36696","Not in post","1.00","Human Resources"
"Ministry of Defence","Ministry of Defence","Royal Air Force Air Command","1017733","D","23661","29383","Intelligence Analysis","20.30","Operational Delivery"
"Ministry of Defence","Ministry of Defence","Defence Equipment and Support","00009000","C1","36004","44711","Safety,Health,Enviroment&Fire","4.00","Operational Delivery"
"Ministry of Defence","Ministry of Defence","Defence Infrastructure Organisation","26677","C2","29551","36696","Security Support","1.00","Operational Delivery"
"Ministry of Defence","Ministry of Defence","Army","1167535","C2","29551","36696","Soft Facilities Management","11.00","Property and asset management"
"Ministry of Defence","Ministry of Defence","Navy Command","1105340","C2","29551","36696","Soft Facilities Management","1.00","Property and asset management"
"Ministry of Defence","Ministry of Defence","Head Office and Corporate Services","00155792","C2","29551","36696","Secretariat","1.00","Policy"
"Ministry of Defence","Ministry of Defence","Royal Air Force Air Command","1017733","D","23661","29383","Inventory Management","10.00","Operational Delivery"
"Ministry of Defence","Ministry of Defence","Defence Equipment and Support","00009000","C1","36004","44711","Science & Engineering policy","6.00","Science and Engineering"
"Ministry of Defence","Ministry of Defence","Defence Infrastructure Organisation","26677","C2","29551","36696","Soft Facilities Management","46.31","Property and asset management"
"Ministry of Defence","Ministry of Defence","Army","1167535","C2","29551","36696","Specialist Instruction","90.68","Operational Delivery"
"Ministry of Defence","Ministry of Defence","Navy Command","1105340","C2","29551","36696","Specialist Instruction","2.00","Operational Delivery"
"Ministry of Defence","Ministry of Defence","Head Office and Corporate Services","00155792","C2","29551","36696","Not in post","1.00","Policy"
"Ministry of Defence","Ministry of Defence","Royal Air Force Air Command","1017733","D","23661","29383","Knowledge Info Management","14.91","Knowledge and Information Management (KIM)"
"Ministry of Defence","Ministry of Defence","Defence Equipment and Support","00009000","C1","36004","44711","Science and Technology practitioners","2.00","Science and Engineering"
"Ministry of Defence","Ministry of Defence","Defence Infrastructure Organisation","26677","C2","29551","36696","Sustainable Development","1.00","Operational Delivery"
"Ministry of Defence","Ministry of Defence","Army","1167535","C2","29551","36696","Storekeeping/WarehouseOps","3.00","Operational Delivery"
"Ministry of Defence","Ministry of Defence","Navy Command","1105340","C2","29551","36696","Statistical Analysis","1.00","Statisticians"
"Ministry of Defence","Ministry of Defence","Head Office and Corporate Services","00155792","C2","29551","36696","Finance Officer","1.00","Finance"
"Ministry of Defence","Ministry of Defence","Royal Air Force Air Command","1017733","D","23661","29383","Museum","2.00","Knowledge and Information Management (KIM)"
"Ministry of Defence","Ministry of Defence","Defence Equipment and Support","00009000","C1","36004","44711","Science&Technology Policy","1.00","Science and Engineering"
"Ministry of Defence","Ministry of Defence","Defence Infrastructure Organisation","26677","C2","29551","36696","Technical [Trades]","1.00","Science and Engineering"
"Ministry of Defence","Ministry of Defence","Army","1167535","C2","29551","36696","Systems Engineering","3.00","Science and Engineering"
"Ministry of Defence","Ministry of Defence","Navy Command","1105340","C2","29551","36696","Systems Engineering","2.00","Science and Engineering"
"Ministry of Defence","Ministry of Defence","Head Office and Corporate Services","00155792","C2","29551","36696","Internal Communications","1.00","Communications"
"Ministry of Defence","Ministry of Defence","Royal Air Force Air Command","1017733","D","23661","29383","Operational Analysis","1.00","Science and Engineering"
"Ministry of Defence","Ministry of Defence","Defence Equipment and Support","00009000","C1","36004","44711","Secretariat & Private Office","24.04","Operational Delivery"
"Ministry of Defence","Ministry of Defence","Defence Infrastructure Organisation","26677","C2","29551","36696","Technology Management","1.00","Programme and Project Management (PPM)"
"Ministry of Defence","Ministry of Defence","Army","1167535","C2","29551","36696","Teaching","9.00","Operational Delivery"
"Ministry of Defence","Ministry of Defence","Navy Command","1105340","C2","29551","36696","Teaching","2.74","Operational Delivery"
"Ministry of Defence","Ministry of Defence","Head Office and Corporate Services","00155792","D","23661","29383","Not in post","1.00","Planning"
"Ministry of Defence","Ministry of Defence","Royal Air Force Air Command","1017733","D","23661","29383","Performance Management","3.00","Internal Audit"
"Ministry of Defence","Ministry of Defence","Defence Equipment and Support","00009000","C1","36004","44711","Security Advice","3.00","Operational Delivery"
"Ministry of Defence","Ministry of Defence","Defence Infrastructure Organisation","26677","C2","29551","36696","Training Support","1.00","Operational Delivery"
"Ministry of Defence","Ministry of Defence","Army","1167535","C2","29551","36696","Technical [Trades]","12.81","Science and Engineering"
"Ministry of Defence","Ministry of Defence","Navy Command","1105340","C2","29551","36696","Technical [Trades]","4.40","Science and Engineering"
"Ministry of Defence","Ministry of Defence","Head Office and Corporate Services","00155792","C2 MSF","29551","36696","Safety Management","1.00","Science and Engineering"
"Ministry of Defence","Ministry of Defence","Royal Air Force Air Command","1017733","D","23661","29383","Photography","4.00","Communications"
"Ministry of Defence","Ministry of Defence","Defence Equipment and Support","00009000","C1","36004","44711","Security Management","1.00","Operational Delivery"
"Ministry of Defence","Ministry of Defence","Defence Infrastructure Organisation","26677","C2","29551","36696","Transaction Processing","2.00","Finance"
"Ministry of Defence","Ministry of Defence","Army","1167535","C2","29551","36696","Supply Chain Mgt and Policy","2.00","Operational Delivery"
"Ministry of Defence","Ministry of Defence","Navy Command","1105340","C2","29551","36696","Through Life Support","18.00","Operational Delivery"
"Ministry of Defence","Ministry of Defence","Head Office and Corporate Services","00155792","D","23661","29383","Customer Services","1.00","Information Technology"
"Ministry of Defence","Ministry of Defence","Royal Air Force Air Command","1017733","D","23661","29383","Programme Management","1.00","Programme and Project Management (PPM)"
"Ministry of Defence","Ministry of Defence","Defence Equipment and Support","00009000","C1","36004","44711","Service HR Expert","1.00","Human Resources"
"Ministry of Defence","Ministry of Defence","Defence Infrastructure Organisation","26677","D","23661","29383","Administrative Support","23.48","Operational Delivery"
"Ministry of Defence","Ministry of Defence","Army","1167535","C2","29551","36696","Training Support","30.91","Operational Delivery"
"Ministry of Defence","Ministry of Defence","Navy Command","1105340","C2","29551","36696","Training Support","28.80","Operational Delivery"
"Ministry of Defence","Ministry of Defence","Head Office and Corporate Services","00155792","D","23661","29383","Business Management and Improvement","1.00","Other"
"Ministry of Defence","Ministry of Defence","Royal Air Force Air Command","1017733","D","23661","29383","Project Management","3.62","Programme and Project Management (PPM)"
"Ministry of Defence","Ministry of Defence","Defence Equipment and Support","00009000","C1","36004","44711","Statistics","1.00","Statisticians"
"Ministry of Defence","Ministry of Defence","Defence Infrastructure Organisation","26677","D","23661","29383","Business Management","12.90","Operational Delivery"
"Ministry of Defence","Ministry of Defence","Army","1167535","C2","29551","36696","Transaction Processing","2.00","Finance"
"Ministry of Defence","Ministry of Defence","Navy Command","1105340","C2","29551","36696","Transaction Processing","1.00","Finance"
"Ministry of Defence","Ministry of Defence","Head Office and Corporate Services","00155792","D","23661","29383","HR Support Officer","1.00","Human Resources"
"Ministry of Defence","Ministry of Defence","Royal Air Force Air Command","1017733","D","23661","29383","Quality Management","5.00","Programme and Project Management (PPM)"
"Ministry of Defence","Ministry of Defence","Defence Equipment and Support","00009000","C1","36004","44711","Storekeeping/WarehouseOps","3.00","Operational Delivery"
"Ministry of Defence","Ministry of Defence","Defence Infrastructure Organisation","26677","D","23661","29383","Civilian Training","1.00","Operational Delivery"
"Ministry of Defence","Ministry of Defence","Army","1167535","C2","29551","36696","Transport & Movement","7.00","Operational Delivery"
"Ministry of Defence","Ministry of Defence","Navy Command","1105340","C2","29551","36696","Transport & Movement","5.60","Operational Delivery"
"Ministry of Defence","Ministry of Defence","Head Office and Corporate Services","00155792","D","23661","29383","Not in post","1.00","Human Resources"
"Ministry of Defence","Ministry of Defence","Royal Air Force Air Command","1017733","D","23661","29383","Range Management","1.00","Property and asset management"
"Ministry of Defence","Ministry of Defence","Defence Equipment and Support","00009000","C1","36004","44711","Supply Chain Management","2.00","Operational Delivery"
"Ministry of Defence","Ministry of Defence","Defence Infrastructure Organisation","26677","D","23661","29383","Commercial Operations","9.00","Procurement"
"Ministry of Defence","Ministry of Defence","Army","1167535","C2","29551","36696","WOME Production","1.00","Science and Engineering"
"Ministry of Defence","Ministry of Defence","Navy Command","1105340","C2","29551","36696","WOME Production","23.00","Science and Engineering"
"Ministry of Defence","Ministry of Defence","Head Office and Corporate Services","00155792","D","23661","29383","Knowledge & Information Management Manager","1.00","Knowledge and Information Management (KIM)"
"Ministry of Defence","Ministry of Defence","Royal Air Force Air Command","1017733","D","23661","29383","Reporting and Controls","3.00","Economics"
"Ministry of Defence","Ministry of Defence","Defence Equipment and Support","00009000","C1","36004","44711","Sustainable Development","1.00","Operational Delivery"
"Ministry of Defence","Ministry of Defence","Defence Infrastructure Organisation","26677","D","23661","29383","Consultancy","1.00","Operational Delivery"
"Ministry of Defence","Ministry of Defence","Army","1167535","C2 MSF","29551","36696","Administrative Support","7.00","Operational Delivery"
"Ministry of Defence","Ministry of Defence","Navy Command","1105340","C2","29551","36696","WOME Safety","1.60","Science and Engineering"
"Ministry of Defence","Ministry of Defence","Head Office and Corporate Services","00155792","D","23661","29383","Not in post","1.00","Communications"
"Ministry of Defence","Ministry of Defence","Royal Air Force Air Command","1017733","D","23661","29383","Safety Management","1.00","Operational Delivery"
"Ministry of Defence","Ministry of Defence","Defence Equipment and Support","00009000","C1","36004","44711","Systems Engineering","43.00","Science and Engineering"
"Ministry of Defence","Ministry of Defence","Defence Infrastructure Organisation","26677","D","23661","29383","Contract Perf Meas & Mgnt","2.00","Procurement"
"Ministry of Defence","Ministry of Defence","Army","1167535","C2 MSF","29551","36696","Audit and Assurance","2.00","Internal Audit"
"Ministry of Defence","Ministry of Defence","Navy Command","1105340","C2 MSF","29551","36696","Administrative Support","8.00","Operational Delivery"
"Ministry of Defence","Ministry of Defence","Head Office and Corporate Services","00155792","D","23661","29383","Decision Support","1.00","Finance"
"Ministry of Defence","Ministry of Defence","Royal Air Force Air Command","1017733","D","23661","29383","Safety,Health,Enviroment&Fire","16.89","Operational Delivery"
"Ministry of Defence","Ministry of Defence","Defence Equipment and Support","00009000","C1","36004","44711","SystemSafety&Enviromental Mgt","13.60","Programme and Project Management (PPM)"
"Ministry of Defence","Ministry of Defence","Defence Infrastructure Organisation","26677","D","23661","29383","Decision Support","23.81","Finance"
"Ministry of Defence","Ministry of Defence","Army","1167535","C2 MSF","29551","36696","Business Management","145.74","Operational Delivery"
"Ministry of Defence","Ministry of Defence","Navy Command","1105340","C2 MSF","29551","36696","Business Management","5.00","Operational Delivery"
"Ministry of Defence","Ministry of Defence","Head Office and Corporate Services","00155792","E1","18554","22345","Knowledge Information Management Support Officer","2.00","Knowledge and Information Management (KIM)"
"Ministry of Defence","Ministry of Defence","Royal Air Force Air Command","1017733","D","23661","29383","Secretarial","1.40","Operational Delivery"
"Ministry of Defence","Ministry of Defence","Defence Equipment and Support","00009000","C1","36004","44711","Technical [Trades]","9.00","Science and Engineering"
"Ministry of Defence","Ministry of Defence","Defence Infrastructure Organisation","26677","D","23661","29383","Design and Imagery","1.00","Communications"
"Ministry of Defence","Ministry of Defence","Army","1167535","C2 MSF","29551","36696","Community Development Work","2.00","Operational Delivery"
"Ministry of Defence","Ministry of Defence","Navy Command","1105340","C2 MSF","29551","36696","Community Service","5.00","Operational Delivery"
"Ministry of Defence","Ministry of Defence","Head Office and Corporate Services","00155792","E1","18554","22345","Administrator","1.00","Other"
"Ministry of Defence","Ministry of Defence","Royal Air Force Air Command","1017733","D","23661","29383","Secretariat & Private Office","13.54","Operational Delivery"
"Ministry of Defence","Ministry of Defence","Defence Equipment and Support","00009000","C1","36004","44711","Through Life Support","97.50","Operational Delivery"
"Ministry of Defence","Ministry of Defence","Defence Infrastructure Organisation","26677","D","23661","29383","E-Communcations","2.00","Communications"
"Ministry of Defence","Ministry of Defence","Army","1167535","C2 MSF","29551","36696","Community Service","7.00","Operational Delivery"
"Ministry of Defence","Ministry of Defence","Navy Command","1105340","C2 MSF","29551","36696","Direct Military Support","6.60","Operational Delivery"
"Ministry of Defence","Ministry of Defence","Head Office and Corporate Services","00155792","E1","18554","22345","Not in post","1.00","Other"
"Ministry of Defence","Ministry of Defence","Royal Air Force Air Command","1017733","D","23661","29383","Security Management","1.00","Operational Delivery"
"Ministry of Defence","Ministry of Defence","Defence Equipment and Support","00009000","C1","36004","44711","Training Support","1.00","Operational Delivery"
"Ministry of Defence","Ministry of Defence","Defence Infrastructure Organisation","26677","D","23661","29383","Employee Representative","2.00","Human Resources"
"Ministry of Defence","Ministry of Defence","Army","1167535","C2 MSF","29551","36696","Contract Perf Meas & Mgnt","1.00","Procurement"
"Ministry of Defence","Ministry of Defence","Navy Command","1105340","C2 MSF","29551","36696","Internal Communications","1.00","Communications"
"Ministry of Defence","Ministry of Defence","Head Office and Corporate Services","00155792","E1","18554","22345","Training Support","2.00","Other"
"Ministry of Defence","Ministry of Defence","Royal Air Force Air Command","1017733","D","23661","29383","Service HR Expert","1.00","Human Resources"
"Ministry of Defence","Ministry of Defence","Defence Equipment and Support","00009000","C1","36004","44711","Transaction Processing","2.00","Finance"
"Ministry of Defence","Ministry of Defence","Defence Infrastructure Organisation","26677","D","23661","29383","Energy Management","7.59","Operational Delivery"
"Ministry of Defence","Ministry of Defence","Army","1167535","C2 MSF","29551","36696","Decision Support","1.00","Finance"
"Ministry of Defence","Ministry of Defence","Navy Command","1105340","C2 MSF","29551","36696","Marine Engineering","1.00","Science and Engineering"
"Ministry of Defence","Ministry of Defence","Head Office and Corporate Services","00155792","E1","18554","22345","Personal Secretary","1.00","Science and Engineering"
"Ministry of Defence","Ministry of Defence","Royal Air Force Air Command","1017733","D","23661","29383","Service HR Service Provider","7.01","Human Resources"
"Ministry of Defence","Ministry of Defence","Defence Equipment and Support","00009000","C1","36004","44711","Transport & Movement","5.00","Operational Delivery"
"Ministry of Defence","Ministry of Defence","Defence Infrastructure Organisation","26677","D","23661","29383","EnvironmentalManagementAssessm","6.00","Operational Delivery"
"Ministry of Defence","Ministry of Defence","Army","1167535","C2 MSF","29551","36696","Direct Military Support","124.77","Operational Delivery"
"Ministry of Defence","Ministry of Defence","Navy Command","1105340","C2 MSF","29551","36696","Obsolete Security","1.00","Operational Delivery"
"Ministry of Defence","Ministry of Defence","Head Office and Corporate Services","00155792","E1","18554","22345","Customer Services","1.00","Information Technology"
"Ministry of Defence","Ministry of Defence","Royal Air Force Air Command","1017733","D","23661","29383","Site Estate","1.00","Property and asset management"
"Ministry of Defence","Ministry of Defence","Defence Equipment and Support","00009000","C1","36004","44711","WOME Production","12.00","Science and Engineering"
"Ministry of Defence","Ministry of Defence","Defence Infrastructure Organisation","26677","D","23661","29383","Estate Advice","33.67","Property and asset management"
"Ministry of Defence","Ministry of Defence","Army","1167535","C2 MSF","29551","36696","Employee Representative","1.00","Human Resources"
"Ministry of Defence","Ministry of Defence","Navy Command","1105340","C2 MSF","29551","36696","Operational Analysis","1.00","Science and Engineering"
"Ministry of Defence","Ministry of Defence","Head Office and Corporate Services","00155792","OF2","38848","46199","AeroEng (Aero/Struct) Mech)","4.00","Military"
"Ministry of Defence","Ministry of Defence","Royal Air Force Air Command","1017733","D","23661","29383","Soft Facilities Management","2.00","Property and asset management"
"Ministry of Defence","Ministry of Defence","Defence Equipment and Support","00009000","C1","36004","44711","WOME Safety","34.00","Science and Engineering"
"Ministry of Defence","Ministry of Defence","Defence Infrastructure Organisation","26677","D","23661","29383","Estate Planning","1.00","Property and asset management"
"Ministry of Defence","Ministry of Defence","Army","1167535","C2 MSF","29551","36696","Housing Service Delivery","1.00","Property and asset management"
"Ministry of Defence","Ministry of Defence","Navy Command","1105340","C2 MSF","29551","36696","Performance Management","1.00","Internal Audit"
"Ministry of Defence","Ministry of Defence","Head Office and Corporate Services","00155792","OF3","48934","58605","AeroEng (Aero/Struct) Mech)","7.00","Military"
"Ministry of Defence","Ministry of Defence","Royal Air Force Air Command","1017733","D","23661","29383","Specialist Instruction","378.47","Operational Delivery"
"Ministry of Defence","Ministry of Defence","Defence Equipment and Support","00009000","C1 MSF","36004","44711","Business Management","1.00","Operational Delivery"
"Ministry of Defence","Ministry of Defence","Defence Infrastructure Organisation","26677","D","23661","29383","Estate Surveying","2.22","Property and asset management"
"Ministry of Defence","Ministry of Defence","Army","1167535","C2 MSF","29551","36696","HR Leader","1.00","Human Resources"
"Ministry of Defence","Ministry of Defence","Navy Command","1105340","C2 MSF","29551","36696","Port Operations","1.00","Operational Delivery"
"Ministry of Defence","Ministry of Defence","Head Office and Corporate Services","00155792","OF3","48934","58605","Not in post","4.00","Military"
"Ministry of Defence","Ministry of Defence","Royal Air Force Air Command","1017733","D","23661","29383","Statistical Analysis","4.00","Statisticians"
"Ministry of Defence","Ministry of Defence","Defence Equipment and Support","00009000","C1 MSF","36004","44711","Direct Military Support","1.00","Operational Delivery"
"Ministry of Defence","Ministry of Defence","Defence Infrastructure Organisation","26677","D","23661","29383","Estates Management","49.82","Property and asset management"
"Ministry of Defence","Ministry of Defence","Army","1167535","C2 MSF","29551","36696","Information Technology","4.00","Information Technology"
"Ministry of Defence","Ministry of Defence","Navy Command","1105340","C2 MSF","29551","36696","Safety,Health,Enviroment&Fire","5.00","Operational Delivery"
"Ministry of Defence","Ministry of Defence","Head Office and Corporate Services","00155792","OF4","68679","79524","Legal Adviser","1.00","Military"
"Ministry of Defence","Ministry of Defence","Royal Air Force Air Command","1017733","D","23661","29383","Storekeeping/WarehouseOps","8.00","Operational Delivery"
"Ministry of Defence","Ministry of Defence","Defence Equipment and Support","00009000","C1 MSF","36004","44711","Performance Management","0.40","Internal Audit"
"Ministry of Defence","Ministry of Defence","Defence Infrastructure Organisation","26677","D","23661","29383","External Communications","3.00","Communications"
"Ministry of Defence","Ministry of Defence","Army","1167535","C2 MSF","29551","36696","Inventory Management","5.00","Operational Delivery"
"Ministry of Defence","Ministry of Defence","Navy Command","1105340","C2 MSF","29551","36696","Security Advice","1.00","Operational Delivery"
"Ministry of Defence","Ministry of Defence","Head Office and Corporate Services","00155792","OF4","68679","79524","AeroEng (Aero/Struct) Mech)","8.00","Military"
"Ministry of Defence","Ministry of Defence","Royal Air Force Air Command","1017733","D","23661","29383","Teaching","7.94","Operational Delivery"
"Ministry of Defence","Ministry of Defence","Defence Equipment and Support","00009000","C1 MSF","36004","44711","Storekeeping/WarehouseOps","1.00","Operational Delivery"
"Ministry of Defence","Ministry of Defence","Defence Infrastructure Organisation","26677","D","23661","29383","Geospatial Analyst","16.70","Operational Delivery"
"Ministry of Defence","Ministry of Defence","Army","1167535","C2 MSF","29551","36696","Logistics [Trades]","1.00","Operational Delivery"
"Ministry of Defence","Ministry of Defence","Navy Command","1105340","C2 MSF","29551","36696","Teaching","5.89","Operational Delivery"
"Ministry of Defence","Ministry of Defence","Head Office and Corporate Services","00155792","OF5","83205","91466","AeroEng (Aero/Struct) Mech)","2.00","Military"
"Ministry of Defence","Ministry of Defence","Royal Air Force Air Command","1017733","D","23661","29383","Technical [Trades]","25.80","Science and Engineering"
"Ministry of Defence","Ministry of Defence","Defence Equipment and Support","00009000","C1 MSF","36004","44711","Systems Engineering","4.81","Science and Engineering"
"Ministry of Defence","Ministry of Defence","Defence Infrastructure Organisation","26677","D","23661","29383","Housing Service Delivery","162.55","Property and asset management"
"Ministry of Defence","Ministry of Defence","Army","1167535","C2 MSF","29551","36696","Logistics Management","1.00","Operational Delivery"
"Ministry of Defence","Ministry of Defence","Navy Command","1105340","C2 MSF","29551","36696","Through Life Support","1.00","Operational Delivery"
"Ministry of Defence","Ministry of Defence","Head Office and Corporate Services","00155792","OR5-6","30750","37836","AeroEng (Aero/Struct) Mech)","1.00","Military"
"Ministry of Defence","Ministry of Defence","Royal Air Force Air Command","1017733","D","23661","29383","Through Life Support","4.64","Operational Delivery"
"Ministry of Defence","Ministry of Defence","Defence Equipment and Support","00009000","C1 MSF","36004","44711","Through Life Support","1.00","Operational Delivery"
"Ministry of Defence","Ministry of Defence","Defence Infrastructure Organisation","26677","D","23661","29383","Information Technology","4.00","Information Technology"
"Ministry of Defence","Ministry of Defence","Army","1167535","C2 MSF","29551","36696","Museum","1.00","Knowledge and Information Management (KIM)"
"Ministry of Defence","Ministry of Defence","Navy Command","1105340","C2 MSF","29551","36696","Training Support","6.00","Operational Delivery"
"Ministry of Defence","Ministry of Defence","Head Office and Corporate Services","00155792","OR9","39548","47902","AeroEng (Aero/Struct) Mech)","2.00","Military"
"Ministry of Defence","Ministry of Defence","Royal Air Force Air Command","1017733","D","23661","29383","Training Support","49.41","Operational Delivery"
"Ministry of Defence","Ministry of Defence","Defence Equipment and Support","00009000","C1 MSF","36004","44711","WOME Safety","3.00","Science and Engineering"
"Ministry of Defence","Ministry of Defence","Defence Infrastructure Organisation","26677","D","23661","29383","Inventory Management","4.00","Operational Delivery"
"Ministry of Defence","Ministry of Defence","Army","1167535","C2 MSF","29551","36696","Obsolete Security","4.00","Operational Delivery"
"Ministry of Defence","Ministry of Defence","Navy Command","1105340","Chief Admiralty Pilot","48421","57233","Port Operations","3.00","Operational Delivery"
"Ministry of Defence","Ministry of Defence","Head Office and Corporate Services","00155792","OF3","48934","58605","Project Management","1.00","Military"
"Ministry of Defence","Ministry of Defence","Royal Air Force Air Command","1017733","D","23661","29383","Transaction Processing","16.38","Finance"
"Ministry of Defence","Ministry of Defence","Defence Equipment and Support","00009000","C1 STTO","36004","44711","AeroEng(Electronics/Avionics)","1.00","Science and Engineering"
"Ministry of Defence","Ministry of Defence","Defence Infrastructure Organisation","26677","D","23661","29383","Knowledge Info Management","9.62","Knowledge and Information Management (KIM)"
"Ministry of Defence","Ministry of Defence","Army","1167535","C2 MSF","29551","36696","Operations & Capability Audit","1.00","Policy"
"Ministry of Defence","Ministry of Defence","Navy Command","1105340","D","23661","29383","Administrative Support","33.40","Operational Delivery"
"Ministry of Defence","Ministry of Defence","Head Office and Corporate Services","00155792","OR4","27054","33998","Driver","1.00","Military"
"Ministry of Defence","Ministry of Defence","Royal Air Force Air Command","1017733","D","23661","29383","Transport & Movement","11.78","Operational Delivery"
"Ministry of Defence","Ministry of Defence","Defence Equipment and Support","00009000","C1 STTO","36004","44711","Project Management","1.00","Programme and Project Management (PPM)"
"Ministry of Defence","Ministry of Defence","Defence Infrastructure Organisation","26677","D","23661","29383","Material Accounting","4.00","Operational Delivery"
"Ministry of Defence","Ministry of Defence","Army","1167535","C2 MSF","29551","36696","Policy Advisor","1.00","Policy"
"Ministry of Defence","Ministry of Defence","Navy Command","1105340","D","23661","29383","AeroEng(Aero/Struct/Mech)","17.00","Science and Engineering"
"Ministry of Defence","Ministry of Defence","Head Office and Corporate Services","00155792","D","23661","29383","Business Manager","1.00","Other"
"Ministry of Defence","Ministry of Defence","Royal Air Force Air Command","1017733","D","23661","29383","WOME Production","5.00","Science and Engineering"
"Ministry of Defence","Ministry of Defence","Defence Equipment and Support","00009000","C1 STTO","36004","44711","Safety Management","1.00","Operational Delivery"
"Ministry of Defence","Ministry of Defence","Defence Infrastructure Organisation","26677","D","23661","29383","MGS Unarmed Guarding","75.81","Operational Delivery"
"Ministry of Defence","Ministry of Defence","Army","1167535","C2 MSF","29551","36696","Port Operations","1.00","Operational Delivery"
"Ministry of Defence","Ministry of Defence","Navy Command","1105340","D","23661","29383","Afloat Support","4.00","Operational Delivery"
"Ministry of Defence","Ministry of Defence","Head Office and Corporate Services","00155792","OF2","38848","46199","AeroEng (Aero/Struct) Mech)","1.00","Military"
"Ministry of Defence","Ministry of Defence","Royal Air Force Air Command","1017733","D","23661","29383","WOME Safety","1.00","Science and Engineering"
"Ministry of Defence","Ministry of Defence","Defence Equipment and Support","00009000","C1 STTO","36004","44711","Technical [Trades]","1.00","Science and Engineering"
"Ministry of Defence","Ministry of Defence","Defence Infrastructure Organisation","26677","D","23661","29383","Obsolete Security","1.00","Operational Delivery"
"Ministry of Defence","Ministry of Defence","Army","1167535","C2 MSF","29551","36696","Programme Management","1.00","Programme and Project Management (PPM)"
"Ministry of Defence","Ministry of Defence","Navy Command","1105340","D","23661","29383","Audit and Assurance","1.00","Internal Audit"
"Ministry of Defence","Ministry of Defence","Head Office and Corporate Services","00155792","OF3","48934","58605","AeroEng (Aero/Struct) Mech)","10.00","Military"
"Ministry of Defence","Ministry of Defence","Royal Air Force Air Command","1017733","E1","18554","22345","Acoustics","1.00","Science and Engineering"
"Ministry of Defence","Ministry of Defence","Defence Equipment and Support","00009000","C2","29551","36696","Administrative Support","17.92","Operational Delivery"
"Ministry of Defence","Ministry of Defence","Defence Infrastructure Organisation","26677","D","23661","29383","Performance Management","2.00","Internal Audit"
"Ministry of Defence","Ministry of Defence","Army","1167535","C2 MSF","29551","36696","Project Management","1.79","Programme and Project Management (PPM)"
"Ministry of Defence","Ministry of Defence","Navy Command","1105340","D","23661","29383","Business Management","28.42","Operational Delivery"
"Ministry of Defence","Ministry of Defence","Head Office and Corporate Services","00155792","OF3","48934","58605","Not in post","2.00","Military"
"Ministry of Defence","Ministry of Defence","Royal Air Force Air Command","1017733","E1","18554","22345","Administrative Support","558.45","Operational Delivery"
"Ministry of Defence","Ministry of Defence","Defence Equipment and Support","00009000","C2","29551","36696","AeroEng(Aero/Struct/Mech)","93.52","Science and Engineering"
"Ministry of Defence","Ministry of Defence","Defence Infrastructure Organisation","26677","D","23661","29383","Policy Advisor","7.81","Policy"
"Ministry of Defence","Ministry of Defence","Army","1167535","C2 MSF","29551","36696","Range Management","1.00","Property and asset management"
"Ministry of Defence","Ministry of Defence","Navy Command","1105340","D","23661","29383","Case Assessment","3.81","Operational Delivery"
"Ministry of Defence","Ministry of Defence","Head Office and Corporate Services","00155792","OF4","68679","79524","AeroEng (Aero/Struct) Mech)","2.00","Military"
"Ministry of Defence","Ministry of Defence","Royal Air Force Air Command","1017733","E1","18554","22345","AeroEng(Electronics/Avionics)","2.00","Science and Engineering"
"Ministry of Defence","Ministry of Defence","Defence Equipment and Support","00009000","C2","29551","36696","AeroEng(Electronics/Avionics)","50.00","Science and Engineering"
"Ministry of Defence","Ministry of Defence","Defence Infrastructure Organisation","26677","D","23661","29383","Project Management","31.86","Programme and Project Management (PPM)"
"Ministry of Defence","Ministry of Defence","Army","1167535","C2 MSF","29551","36696","Safety Management","4.00","Operational Delivery"
"Ministry of Defence","Ministry of Defence","Navy Command","1105340","D","23661","29383","Chemical/Bio Science and Tech","0.54","Science and Engineering"
"Ministry of Defence","Ministry of Defence","Head Office and Corporate Services","00155792","OF5","83205","91466","AeroEng (Aero/Struct) Mech)","1.00","Military"
"Ministry of Defence","Ministry of Defence","Royal Air Force Air Command","1017733","E1","18554","22345","Business Management","3.81","Operational Delivery"
"Ministry of Defence","Ministry of Defence","Defence Equipment and Support","00009000","C2","29551","36696","Audit and Assurance","3.00","Internal Audit"
"Ministry of Defence","Ministry of Defence","Defence Infrastructure Organisation","26677","D","23661","29383","Quantity Surveying","1.00","Property and asset management"
"Ministry of Defence","Ministry of Defence","Army","1167535","C2 MSF","29551","36696","Safety,Health,Enviroment&Fire","2.00","Operational Delivery"
"Ministry of Defence","Ministry of Defence","Navy Command","1105340","D","23661","29383","Civilian HR Service Provider","3.81","Human Resources"
"Ministry of Defence","Ministry of Defence","Head Office and Corporate Services","00155792","OF5","83205","91466","Not in post","3.00","Military"
"Ministry of Defence","Ministry of Defence","Royal Air Force Air Command","1017733","E1","18554","22345","Case Assessment","3.31","Operational Delivery"
"Ministry of Defence","Ministry of Defence","Defence Equipment and Support","00009000","C2","29551","36696","Business Continuity","0.94","Operational Delivery"
"Ministry of Defence","Ministry of Defence","Defence Infrastructure Organisation","26677","D","23661","29383","Range Management","15.00","Property and asset management"
"Ministry of Defence","Ministry of Defence","Army","1167535","C2 MSF","29551","36696","Secretarial","2.00","Operational Delivery"
"Ministry of Defence","Ministry of Defence","Navy Command","1105340","D","23661","29383","Communication Planning","1.00","Communications"
"Ministry of Defence","Ministry of Defence","Head Office and Corporate Services","00155792","OF4","68679","79524","Not in post","1.00","Military"
"Ministry of Defence","Ministry of Defence","Royal Air Force Air Command","1017733","E1","18554","22345","Civilian Training","1.00","Operational Delivery"
"Ministry of Defence","Ministry of Defence","Defence Equipment and Support","00009000","C2","29551","36696","Business Management","113.05","Operational Delivery"
"Ministry of Defence","Ministry of Defence","Defence Infrastructure Organisation","26677","D","23661","29383","Reporting and Controls","1.00","Finance"
"Ministry of Defence","Ministry of Defence","Army","1167535","C2 MSF","29551","36696","Secretariat & Private Office","2.00","Operational Delivery"
"Ministry of Defence","Ministry of Defence","Navy Command","1105340","D","23661","29383","Community Development Work","8.00","Operational Delivery"
"Ministry of Defence","Ministry of Defence","Head Office and Corporate Services","00155792","OR5-6","30750","37836","AeroEng (Aero/Struct) Mech)","1.00","Military"
"Ministry of Defence","Ministry of Defence","Royal Air Force Air Command","1017733","E1","18554","22345","Commercial Analysis","4.00","Procurement"
"Ministry of Defence","Ministry of Defence","Defence Equipment and Support","00009000","C2","29551","36696","Civilian HR Expert","2.00","Human Resources"
"Ministry of Defence","Ministry of Defence","Defence Infrastructure Organisation","26677","D","23661","29383","Safety,Health,Enviroment&Fire","1.00","Operational Delivery"
"Ministry of Defence","Ministry of Defence","Army","1167535","C2 MSF","29551","36696","Security Management","1.00","Operational Delivery"
"Ministry of Defence","Ministry of Defence","Navy Command","1105340","D","23661","29383","Community Service","7.64","Operational Delivery"
"Ministry of Defence","Ministry of Defence","Head Office and Corporate Services","00155792","OR7-8","34039","44315","AeroEng (Aero/Struct) Mech)","2.00","Military"
"Ministry of Defence","Ministry of Defence","Royal Air Force Air Command","1017733","E1","18554","22345","Community Development Work","1.00","Operational Delivery"
"Ministry of Defence","Ministry of Defence","Defence Equipment and Support","00009000","C2","29551","36696","Civilian HR Service Provider","9.75","Human Resources"
"Ministry of Defence","Ministry of Defence","Defence Infrastructure Organisation","26677","D","23661","29383","Secretarial","2.00","Operational Delivery"
"Ministry of Defence","Ministry of Defence","Army","1167535","C2 MSF","29551","36696","Service HR Expert","27.94","Human Resources"
"Ministry of Defence","Ministry of Defence","Navy Command","1105340","D","23661","29383","Customer Services","1.00","Operational Delivery"
"Ministry of Defence","Ministry of Defence","Head Office and Corporate Services","00155792","OR9","39548","47902","AeroEng (Aero/Struct) Mech)","2.00","Military"
"Ministry of Defence","Ministry of Defence","Royal Air Force Air Command","1017733","E1","18554","22345","Community Service","24.24","Operational Delivery"
"Ministry of Defence","Ministry of Defence","Defence Equipment and Support","00009000","C2","29551","36696","Combat Systems Engineering","15.80","Science and Engineering"
"Ministry of Defence","Ministry of Defence","Defence Infrastructure Organisation","26677","D","23661","29383","Secretariat & Private Office","0.64","Operational Delivery"
"Ministry of Defence","Ministry of Defence","Army","1167535","C2 MSF","29551","36696","Service HR Service Provider","13.00","Human Resources"
"Ministry of Defence","Ministry of Defence","Navy Command","1105340","D","23661","29383","Decision Support","30.36","Finance"
"Ministry of Defence","Ministry of Defence","Head Office and Corporate Services","00155792","OF3","48934","58605","AeroEng (Aero/Struct) Mech)","1.00","Military"
"Ministry of Defence","Ministry of Defence","Royal Air Force Air Command","1017733","E1","18554","22345","Contract Perf Meas & Mgnt","2.00","Procurement"
"Ministry of Defence","Ministry of Defence","Defence Equipment and Support","00009000","C2","29551","36696","Commercial Analysis","2.67","Procurement"
"Ministry of Defence","Ministry of Defence","Defence Infrastructure Organisation","26677","D","23661","29383","Security Management","1.00","Operational Delivery"
"Ministry of Defence","Ministry of Defence","Army","1167535","C2 MSF","29551","36696","Site Estate","2.00","Property and asset management"
"Ministry of Defence","Ministry of Defence","Navy Command","1105340","D","23661","29383","Design and Imagery","11.00","Communications"
"Ministry of Defence","Ministry of Defence","Head Office and Corporate Services","00155792","OF4","68679","79524","AeroEng (Aero/Struct) Mech)","3.00","Military"
"Ministry of Defence","Ministry of Defence","Royal Air Force Air Command","1017733","E1","18554","22345","Decision Support","21.08","Finance"
"Ministry of Defence","Ministry of Defence","Defence Equipment and Support","00009000","C2","29551","36696","Commercial Operations","163.47","Procurement"
"Ministry of Defence","Ministry of Defence","Defence Infrastructure Organisation","26677","D","23661","29383","Security Support","1.00","Operational Delivery"
"Ministry of Defence","Ministry of Defence","Army","1167535","C2 MSF","29551","36696","Storekeeping/WarehouseOps","2.00","Operational Delivery"
"Ministry of Defence","Ministry of Defence","Navy Command","1105340","D","23661","29383","Direct Military Support","3.00","Operational Delivery"
"Ministry of Defence","Ministry of Defence","Head Office and Corporate Services","00155792","OF4","68679","79524","Project Management","3.00","Military"
"Ministry of Defence","Ministry of Defence","Royal Air Force Air Command","1017733","E1","18554","22345","Design and Imagery","22.00","Communications"
"Ministry of Defence","Ministry of Defence","Defence Equipment and Support","00009000","C2","29551","36696","Communication Planning","1.47","Communications"
"Ministry of Defence","Ministry of Defence","Defence Infrastructure Organisation","26677","D","23661","29383","Site Estate","2.00","Property and asset management"
"Ministry of Defence","Ministry of Defence","Army","1167535","C2 MSF","29551","36696","Teaching","6.00","Operational Delivery"
"Ministry of Defence","Ministry of Defence","Navy Command","1105340","D","23661","29383","Driving","1.00","Operational Delivery"
"Ministry of Defence","Ministry of Defence","Head Office and Corporate Services","00155792","OF5","83205","91466","Project Management","1.00","Military"
"Ministry of Defence","Ministry of Defence","Royal Air Force Air Command","1017733","E1","18554","22345","E-Communcations","5.00","Communications"
"Ministry of Defence","Ministry of Defence","Defence Equipment and Support","00009000","C2","29551","36696","Configuration Management","6.67","Planning"
"Ministry of Defence","Ministry of Defence","Defence Infrastructure Organisation","26677","D","23661","29383","Soft Facilities Management","15.91","Property and asset management"
"Ministry of Defence","Ministry of Defence","Army","1167535","C2 MSF","29551","36696","Supply Chain Mgt and Policy","2.00","Operational Delivery"
"Ministry of Defence","Ministry of Defence","Navy Command","1105340","D","23661","29383","E-Communcations","4.00","Communications"
"Ministry of Defence","Ministry of Defence","Head Office and Corporate Services","00155792","OR4","27054","33998","Driver","1.00","Military"
"Ministry of Defence","Ministry of Defence","Royal Air Force Air Command","1017733","E1","18554","22345","Estates Management","1.54","Property and asset management"
"Ministry of Defence","Ministry of Defence","Defence Equipment and Support","00009000","C2","29551","36696","Contract Perf Meas & Mgnt","83.55","Procurement"
"Ministry of Defence","Ministry of Defence","Defence Infrastructure Organisation","26677","D","23661","29383","Systems Engineering","1.00","Science and Engineering"
"Ministry of Defence","Ministry of Defence","Army","1167535","C2 MSF","29551","36696","Training Support","10.00","Operational Delivery"
"Ministry of Defence","Ministry of Defence","Navy Command","1105340","D","23661","29383","EnvironmentalManagementAssessm","6.00","Operational Delivery"
"Ministry of Defence","Ministry of Defence","Head Office and Corporate Services","00155792","B2","48421","60130","AeroEng (Aero/Struct) Mech)","1.00","Science and Engineering"
"Ministry of Defence","Ministry of Defence","Royal Air Force Air Command","1017733","E1","18554","22345","External Communications","2.80","Communications"
"Ministry of Defence","Ministry of Defence","Defence Equipment and Support","00009000","C2","29551","36696","Customer Services","9.61","Operational Delivery"
"Ministry of Defence","Ministry of Defence","Defence Infrastructure Organisation","26677","D","23661","29383","Technical [Trades]","3.81","Science and Engineering"
"Ministry of Defence","Ministry of Defence","Army","1167535","C2 MSF","29551","36696","Transport & Movement","2.00","Operational Delivery"
"Ministry of Defence","Ministry of Defence","Navy Command","1105340","D","23661","29383","Estate Planning","3.86","Property and asset management"
"Ministry of Defence","Ministry of Defence","Head Office and Corporate Services","00155792","B2","48421","60130","Project Management","1.00","Programme and Project Management (PPM)"
"Ministry of Defence","Ministry of Defence","Royal Air Force Air Command","1017733","E1","18554","22345","Historical","2.77","Knowledge and Information Management (KIM)"
"Ministry of Defence","Ministry of Defence","Defence Equipment and Support","00009000","C2","29551","36696","Decision Support","212.90","Finance"
"Ministry of Defence","Ministry of Defence","Defence Infrastructure Organisation","26677","D","23661","29383","Training Support","3.59","Operational Delivery"
"Ministry of Defence","Ministry of Defence","Army","1167535","Careers Adviser","25094","28661","Teaching Support","3.00","Operational Delivery"
"Ministry of Defence","Ministry of Defence","Navy Command","1105340","D","23661","29383","Estates Management","2.60","Property and asset management"
"Ministry of Defence","Ministry of Defence","Head Office and Corporate Services","00155792","C1","36004","44711","AeroEng (Aero/Struct) Mech)","8.00","Science and Engineering"
"Ministry of Defence","Ministry of Defence","Royal Air Force Air Command","1017733","E1","18554","22345","Information Technology","43.16","Information Technology"
"Ministry of Defence","Ministry of Defence","Defence Equipment and Support","00009000","C2","29551","36696","Dental Support","1.00","Medicine"
"Ministry of Defence","Ministry of Defence","Defence Infrastructure Organisation","26677","D","23661","29383","Transaction Processing","5.81","Finance"
"Ministry of Defence","Ministry of Defence","Army","1167535","Chef 1/Chief Cook 1","18554","22345","Soft Facilities Management","2.00","Property and asset management"
"Ministry of Defence","Ministry of Defence","Navy Command","1105340","D","23661","29383","External Communications","2.00","Communications"
"Ministry of Defence","Ministry of Defence","Head Office and Corporate Services","00155792","C1","36004","44711","Project Management","1.00","Programme and Project Management (PPM)"
"Ministry of Defence","Ministry of Defence","Royal Air Force Air Command","1017733","E1","18554","22345","Intelligence Analysis","1.00","Operational Delivery"
"Ministry of Defence","Ministry of Defence","Defence Equipment and Support","00009000","C2","29551","36696","Direct Military Support","1.00","Operational Delivery"
"Ministry of Defence","Ministry of Defence","Defence Infrastructure Organisation","26677","E1","18554","22345","Administrative Support","119.86","Operational Delivery"
"Ministry of Defence","Ministry of Defence","Army","1167535","Chf YC Off","48831","57851","Community Development Work","1.00","Operational Delivery"
"Ministry of Defence","Ministry of Defence","Navy Command","1105340","D","23661","29383","Geospatial Analyst","3.00","Operational Delivery"
"Ministry of Defence","Ministry of Defence","Head Office and Corporate Services","00155792","C1","36004","44711","Safety Management","1.00","Science and Engineering"
"Ministry of Defence","Ministry of Defence","Royal Air Force Air Command","1017733","E1","18554","22345","Internal Communications","2.00","Communications"
"Ministry of Defence","Ministry of Defence","Defence Equipment and Support","00009000","C2","29551","36696","Employee Representative","1.00","Human Resources"
"Ministry of Defence","Ministry of Defence","Defence Infrastructure Organisation","26677","E1","18554","22345","Business Management","9.78","Operational Delivery"
"Ministry of Defence","Ministry of Defence","Army","1167535","Child Guidance Sen Soc Worker","38648","44164","Community Service","4.00","Operational Delivery"
"Ministry of Defence","Ministry of Defence","Navy Command","1105340","D","23661","29383","Historical","1.67","Knowledge and Information Management (KIM)"
"Ministry of Defence","Ministry of Defence","Head Office and Corporate Services","00155792","C2","29551","36696","AeroEng (Aero/Struct) Mech)","9.00","Science and Engineering"
"Ministry of Defence","Ministry of Defence","Royal Air Force Air Command","1017733","E1","18554","22345","Inventory Management","8.00","Operational Delivery"
"Ministry of Defence","Ministry of Defence","Defence Equipment and Support","00009000","C2","29551","36696","EnvironmentalManagementAssessm","1.89","Operational Delivery"
"Ministry of Defence","Ministry of Defence","Defence Infrastructure Organisation","26677","E1","18554","22345","Commercial Operations","6.10","Procurement"
"Ministry of Defence","Ministry of Defence","Army","1167535","Civilian Medical Practitioner","65722","78076","Gen Practice Medical","4.89","Medicine"
"Ministry of Defence","Ministry of Defence","Navy Command","1105340","D","23661","29383","Information Technology","35.00","Information Technology"
"Ministry of Defence","Ministry of Defence","Head Office and Corporate Services","00155792","C2","29551","36696","AeroEng(Electronics/Avionics)","2.00","Science and Engineering"
"Ministry of Defence","Ministry of Defence","Royal Air Force Air Command","1017733","E1","18554","22345","Knowledge Info Management","5.00","Knowledge and Information Management (KIM)"
"Ministry of Defence","Ministry of Defence","Defence Equipment and Support","00009000","C2","29551","36696","Estate Advice","2.00","Property and asset management"
"Ministry of Defence","Ministry of Defence","Defence Infrastructure Organisation","26677","E1","18554","22345","Customer Services","1.00","Operational Delivery"
"Ministry of Defence","Ministry of Defence","Army","1167535","Crew Manager - Rank to Role","28797","29404","Fire Service","5.00","Operational Delivery"
"Ministry of Defence","Ministry of Defence","Navy Command","1105340","D","23661","29383","Internal Communications","4.00","Communications"
"Ministry of Defence","Ministry of Defence","Head Office and Corporate Services","00155792","C2","29551","36696","Project Management","1.00","Programme and Project Management (PPM)"
"Ministry of Defence","Ministry of Defence","Royal Air Force Air Command","1017733","E1","18554","22345","Material Accounting","8.81","Operational Delivery"
"Ministry of Defence","Ministry of Defence","Defence Equipment and Support","00009000","C2","29551","36696","Estate Planning","1.87","Property and asset management"
"Ministry of Defence","Ministry of Defence","Defence Infrastructure Organisation","26677","E1","18554","22345","Decision Support","13.52","Finance"
"Ministry of Defence","Ministry of Defence","Army","1167535","D","23661","29383","Administrative Support","74.70","Operational Delivery"
"Ministry of Defence","Ministry of Defence","Navy Command","1105340","D","23661","29383","Inventory Management","7.00","Operational Delivery"
"Ministry of Defence","Ministry of Defence","Head Office and Corporate Services","00155792","C2","29551","36696","Not in post","1.00","Science and Engineering"
"Ministry of Defence","Ministry of Defence","Royal Air Force Air Command","1017733","E1","18554","22345","Performance Management","1.00","Internal Audit"
"Ministry of Defence","Ministry of Defence","Defence Equipment and Support","00009000","C2","29551","36696","External Communications","1.00","Communications"
"Ministry of Defence","Ministry of Defence","Defence Infrastructure Organisation","26677","E1","18554","22345","EnvironmentalManagementAssessm","1.00","Operational Delivery"
"Ministry of Defence","Ministry of Defence","Army","1167535","D","23661","29383","AeroEng(Aero/Struct/Mech)","2.00","Science and Engineering"
"Ministry of Defence","Ministry of Defence","Navy Command","1105340","D","23661","29383","IT SECURITY","6.00","Information Technology"
"Ministry of Defence","Ministry of Defence","Head Office and Corporate Services","00155792","C2","29551","36696","System Engineering","1.00","Science and Engineering"
"Ministry of Defence","Ministry of Defence","Royal Air Force Air Command","1017733","E1","18554","22345","Photography","1.00","Communications"
"Ministry of Defence","Ministry of Defence","Defence Equipment and Support","00009000","C2","29551","36696","Geospatial Analyst","1.00","Operational Delivery"
"Ministry of Defence","Ministry of Defence","Defence Infrastructure Organisation","26677","E1","18554","22345","Estate Advice","7.60","Property and asset management"
"Ministry of Defence","Ministry of Defence","Army","1167535","D","23661","29383","Audit and Assurance","6.94","Internal Audit"
"Ministry of Defence","Ministry of Defence","Navy Command","1105340","D","23661","29383","Knowledge Info Management","13.35","Knowledge and Information Management (KIM)"
"Ministry of Defence","Ministry of Defence","Head Office and Corporate Services","00155792","D","23661","29383","Engineering and Science","1.00","Science and Engineering"
"Ministry of Defence","Ministry of Defence","Royal Air Force Air Command","1017733","E1","18554","22345","Postal & Courier","3.00","Operational Delivery"
"Ministry of Defence","Ministry of Defence","Defence Equipment and Support","00009000","C2","29551","36696","Government Quality Assurance","81.07","Programme and Project Management (PPM)"
"Ministry of Defence","Ministry of Defence","Defence Infrastructure Organisation","26677","E1","18554","22345","Estate Surveying","6.00","Property and asset management"
"Ministry of Defence","Ministry of Defence","Army","1167535","D","23661","29383","Business Management","136.92","Operational Delivery"
"Ministry of Defence","Ministry of Defence","Navy Command","1105340","D","23661","29383","Logistics [Trades]","3.00","Operational Delivery"
"Ministry of Defence","Ministry of Defence","Head Office and Corporate Services","00155792","E1","18554","22345","Personal Secretary","1.00","Science and Engineering"
"Ministry of Defence","Ministry of Defence","Royal Air Force Air Command","1017733","E1","18554","22345","Quality Management","1.00","Programme and Project Management (PPM)"
"Ministry of Defence","Ministry of Defence","Defence Equipment and Support","00009000","C2","29551","36696","Historical","1.00","Knowledge and Information Management (KIM)"
"Ministry of Defence","Ministry of Defence","Defence Infrastructure Organisation","26677","E1","18554","22345","Estates Management","7.34","Property and asset management"
"Ministry of Defence","Ministry of Defence","Army","1167535","D","23661","29383","Case Assessment","2.00","Operational Delivery"
"Ministry of Defence","Ministry of Defence","Navy Command","1105340","D","23661","29383","Logistics Management","11.00","Operational Delivery"
"Ministry of Defence","Ministry of Defence","Head Office and Corporate Services","00155792","E1","18554","22345","Administrative Support","1.00","Science and Engineering"
"Ministry of Defence","Ministry of Defence","Royal Air Force Air Command","1017733","E1","18554","22345","Reporting and Controls","1.00","Finance"
"Ministry of Defence","Ministry of Defence","Defence Equipment and Support","00009000","C2","29551","36696","Information Assurance","2.87","Knowledge and Information Management (KIM)"
"Ministry of Defence","Ministry of Defence","Defence Infrastructure Organisation","26677","E1","18554","22345","External Communications","1.00","Communications"
"Ministry of Defence","Ministry of Defence","Army","1167535","D","23661","29383","Civilian HR Expert","1.00","Human Resources"
"Ministry of Defence","Ministry of Defence","Navy Command","1105340","D","23661","29383","Marine Engineering","6.00","Science and Engineering"
"Ministry of Defence","Ministry of Defence","Head Office and Corporate Services","00155792","OF2","38848","46199","AeroEng (Aero/Struct) Mech)","9.00","Military"
"Ministry of Defence","Ministry of Defence","Royal Air Force Air Command","1017733","E1","18554","22345","Safety,Health,Enviroment&Fire","2.43","Operational Delivery"
"Ministry of Defence","Ministry of Defence","Defence Equipment and Support","00009000","C2","29551","36696","Information Technology","62.02","Information Technology"
"Ministry of Defence","Ministry of Defence","Defence Infrastructure Organisation","26677","E1","18554","22345","Housing Service Delivery","40.96","Property and asset management"
"Ministry of Defence","Ministry of Defence","Army","1167535","D","23661","29383","Civilian HR Service Provider","4.00","Human Resources"
"Ministry of Defence","Ministry of Defence","Navy Command","1105340","D","23661","29383","Material Accounting","5.00","Operational Delivery"
"Ministry of Defence","Ministry of Defence","Head Office and Corporate Services","00155792","OF3","48934","58605","AeroEng (Aero/Struct) Mech)","17.00","Military"
"Ministry of Defence","Ministry of Defence","Royal Air Force Air Command","1017733","E1","18554","22345","Secretarial","64.54","Operational Delivery"
"Ministry of Defence","Ministry of Defence","Defence Equipment and Support","00009000","C2","29551","36696","Internal Communications","1.00","Communications"
"Ministry of Defence","Ministry of Defence","Defence Infrastructure Organisation","26677","E1","18554","22345","Information Technology","1.00","Information Technology"
"Ministry of Defence","Ministry of Defence","Army","1167535","D","23661","29383","Civilian Training","1.00","Operational Delivery"
"Ministry of Defence","Ministry of Defence","Navy Command","1105340","D","23661","29383","Naval Architecture","2.00","Science and Engineering"
"Ministry of Defence","Ministry of Defence","Head Office and Corporate Services","00155792","OF4","68679","79524","AeroEng (Aero/Struct) Mech)","5.00","Military"
"Ministry of Defence","Ministry of Defence","Royal Air Force Air Command","1017733","E1","18554","22345","Secretariat & Private Office","4.00","Operational Delivery"
"Ministry of Defence","Ministry of Defence","Defence Equipment and Support","00009000","C2","29551","36696","Inventory Management","150.08","Operational Delivery"
"Ministry of Defence","Ministry of Defence","Defence Infrastructure Organisation","26677","E1","18554","22345","Knowledge Info Management","3.00","Knowledge and Information Management (KIM)"
"Ministry of Defence","Ministry of Defence","Army","1167535","D","23661","29383","Claims","1.00","Law"
"Ministry of Defence","Ministry of Defence","Navy Command","1105340","D","23661","29383","Nuclear Propulsion","2.00","Science and Engineering"
"Ministry of Defence","Ministry of Defence","Head Office and Corporate Services","00155792","OF5","83205","91466","AeroEng (Aero/Struct) Mech)","2.00","Military"
"Ministry of Defence","Ministry of Defence","Royal Air Force Air Command","1017733","E1","18554","22345","Security Management","0.52","Operational Delivery"
"Ministry of Defence","Ministry of Defence","Defence Equipment and Support","00009000","C2","29551","36696","Investigative Accounting","15.39","Finance"
"Ministry of Defence","Ministry of Defence","Defence Infrastructure Organisation","26677","E1","18554","22345","Material Accounting","1.00","Operational Delivery"
"Ministry of Defence","Ministry of Defence","Army","1167535","D","23661","29383","Commercial Operations","1.00","Procurement"
"Ministry of Defence","Ministry of Defence","Navy Command","1105340","D","23661","29383","Nuclear Weapons","4.00","Science and Engineering"
"Ministry of Defence","Ministry of Defence","Head Office and Corporate Services","00155792","OR5-6","30750","37836","AeroEng (Aero/Struct) Mech)","8.00","Military"
"Ministry of Defence","Ministry of Defence","Royal Air Force Air Command","1017733","E1","18554","22345","Security Support","3.00","Operational Delivery"
"Ministry of Defence","Ministry of Defence","Defence Equipment and Support","00009000","C2","29551","36696","IT SECURITY","2.00","Information Technology"
"Ministry of Defence","Ministry of Defence","Defence Infrastructure Organisation","26677","E1","18554","22345","MGS Dog Handling","7.00","Operational Delivery"
"Ministry of Defence","Ministry of Defence","Army","1167535","D","23661","29383","Communication Planning","1.00","Communications"
"Ministry of Defence","Ministry of Defence","Navy Command","1105340","D","23661","29383","Obsolete Security","7.00","Operational Delivery"
"Ministry of Defence","Ministry of Defence","Head Office and Corporate Services","00155792","OR7-8","34039","44315","Not in post","1.00","Military"
"Ministry of Defence","Ministry of Defence","Royal Air Force Air Command","1017733","E1","18554","22345","Service HR Service Provider","22.74","Human Resources"
"Ministry of Defence","Ministry of Defence","Defence Equipment and Support","00009000","C2","29551","36696","Knowledge Info Management","48.61","Knowledge and Information Management (KIM)"
"Ministry of Defence","Ministry of Defence","Defence Infrastructure Organisation","26677","E1","18554","22345","MGS Unarmed Guarding","210.92","Operational Delivery"
"Ministry of Defence","Ministry of Defence","Army","1167535","D","23661","29383","Community Development Work","7.00","Operational Delivery"
"Ministry of Defence","Ministry of Defence","Navy Command","1105340","D","23661","29383","Operational Analysis","3.00","Science and Engineering"
"Ministry of Defence","Ministry of Defence","Head Office and Corporate Services","00155792","OR7-8","34039","44315","AeroEng (Aero/Struct) Mech)","7.00","Military"
"Ministry of Defence","Ministry of Defence","Royal Air Force Air Command","1017733","E1","18554","22345","Site Estate","2.00","Property and asset management"
"Ministry of Defence","Ministry of Defence","Defence Equipment and Support","00009000","C2","29551","36696","Land Sys Eng(Struct/Mech)","1.00","Science and Engineering"
"Ministry of Defence","Ministry of Defence","Defence Infrastructure Organisation","26677","E1","18554","22345","Performance Management","1.00","Internal Audit"
"Ministry of Defence","Ministry of Defence","Army","1167535","D","23661","29383","Community Service","42.40","Operational Delivery"
"Ministry of Defence","Ministry of Defence","Navy Command","1105340","D","23661","29383","Port Operations","14.00","Operational Delivery"
"Ministry of Defence","Ministry of Defence","Head Office and Corporate Services","00155792","OR9","39548","47902","AeroEng (Aero/Struct) Mech)","1.00","Military"
"Ministry of Defence","Ministry of Defence","Royal Air Force Air Command","1017733","E1","18554","22345","Soft Facilities Management","1.00","Property and asset management"
"Ministry of Defence","Ministry of Defence","Defence Equipment and Support","00009000","C2","29551","36696","Land Systems Eng (Weapons)","2.00","Science and Engineering"
"Ministry of Defence","Ministry of Defence","Defence Infrastructure Organisation","26677","E1","18554","22345","Policy Advisor","4.00","Policy"
"Ministry of Defence","Ministry of Defence","Army","1167535","D","23661","29383","Computer Science & Engineering","2.00","Information Technology"
"Ministry of Defence","Ministry of Defence","Navy Command","1105340","D","23661","29383","Programme Management","1.00","Programme and Project Management (PPM)"
"Ministry of Defence","Ministry of Defence","Head Office and Corporate Services","00155792","B2","48421","60130","AeroEng (Aero/Struct) Mech)","1.00","Science and Engineering"
"Ministry of Defence","Ministry of Defence","Royal Air Force Air Command","1017733","E1","18554","22345","Statistical Analysis","1.00","Statisticians"
"Ministry of Defence","Ministry of Defence","Defence Equipment and Support","00009000","C2","29551","36696","Logistics Management","2.00","Operational Delivery"
"Ministry of Defence","Ministry of Defence","Defence Infrastructure Organisation","26677","E1","18554","22345","Project Management","8.81","Programme and Project Management (PPM)"
"Ministry of Defence","Ministry of Defence","Army","1167535","D","23661","29383","Configuration Management","2.00","Planning"
"Ministry of Defence","Ministry of Defence","Navy Command","1105340","D","23661","29383","Project Management","4.60","Programme and Project Management (PPM)"
"Ministry of Defence","Ministry of Defence","Head Office and Corporate Services","00155792","C1","36004","44711","AeroEng (Aero/Struct) Mech)","12.00","Science and Engineering"
"Ministry of Defence","Ministry of Defence","Royal Air Force Air Command","1017733","E1","18554","22345","Storekeeping/WarehouseOps","12.80","Operational Delivery"
"Ministry of Defence","Ministry of Defence","Defence Equipment and Support","00009000","C2","29551","36696","Marine Engineering","81.78","Science and Engineering"
"Ministry of Defence","Ministry of Defence","Defence Infrastructure Organisation","26677","E1","18554","22345","Range Management","1.00","Property and asset management"
"Ministry of Defence","Ministry of Defence","Army","1167535","D","23661","29383","Contract Perf Meas & Mgnt","1.00","Procurement"
"Ministry of Defence","Ministry of Defence","Navy Command","1105340","D","23661","29383","Protocol & Visits","1.00","Policy"
"Ministry of Defence","Ministry of Defence","Head Office and Corporate Services","00155792","C1","36004","44711","Safety Management","4.00","Internal Audit"
"Ministry of Defence","Ministry of Defence","Royal Air Force Air Command","1017733","E1","18554","22345","Teaching","2.89","Operational Delivery"
"Ministry of Defence","Ministry of Defence","Defence Equipment and Support","00009000","C2","29551","36696","Material Accounting","4.00","Operational Delivery"
"Ministry of Defence","Ministry of Defence","Defence Infrastructure Organisation","26677","E1","18554","22345","Safety,Health,Enviroment&Fire","4.00","Operational Delivery"
"Ministry of Defence","Ministry of Defence","Army","1167535","D","23661","29383","Customer Services","4.00","Operational Delivery"
"Ministry of Defence","Ministry of Defence","Navy Command","1105340","D","23661","29383","Quality Management","4.44","Programme and Project Management (PPM)"
"Ministry of Defence","Ministry of Defence","Head Office and Corporate Services","00155792","C1 MSF","36004","44711","Safety Management","1.00","Science and Engineering"
"Ministry of Defence","Ministry of Defence","Royal Air Force Air Command","1017733","E1","18554","22345","Technical [Trades]","43.80","Science and Engineering"
"Ministry of Defence","Ministry of Defence","Defence Equipment and Support","00009000","C2","29551","36696","Medical Technical","1.00","Medicine"
"Ministry of Defence","Ministry of Defence","Defence Infrastructure Organisation","26677","E1","18554","22345","Secretarial","10.45","Operational Delivery"
"Ministry of Defence","Ministry of Defence","Army","1167535","D","23661","29383","Customs & Immigratigration (MDP)","5.00","Operational Delivery"
"Ministry of Defence","Ministry of Defence","Navy Command","1105340","D","23661","29383","Reporting and Controls","4.86","Finance"
"Ministry of Defence","Ministry of Defence","Head Office and Corporate Services","00155792","C1 MSF","36004","44711","Not in post","1.00","Science and Engineering"
"Ministry of Defence","Ministry of Defence","Royal Air Force Air Command","1017733","E1","18554","22345","Through Life Support","2.00","Operational Delivery"
"Ministry of Defence","Ministry of Defence","Defence Equipment and Support","00009000","C2","29551","36696","Naval Architecture","15.00","Science and Engineering"
"Ministry of Defence","Ministry of Defence","Defence Infrastructure Organisation","26677","E1","18554","22345","Secretariat & Private Office","4.48","Operational Delivery"
"Ministry of Defence","Ministry of Defence","Army","1167535","D","23661","29383","Decision Support","74.10","Finance"
"Ministry of Defence","Ministry of Defence","Navy Command","1105340","D","23661","29383","Safety Management","2.00","Operational Delivery"
"Ministry of Defence","Ministry of Defence","Head Office and Corporate Services","00155792","C2","29551","36696","AeroEng (Aero/Struct) Mech)","10.00","Science and Engineering"
"Ministry of Defence","Ministry of Defence","Royal Air Force Air Command","1017733","E1","18554","22345","Training Support","5.22","Operational Delivery"
"Ministry of Defence","Ministry of Defence","Defence Equipment and Support","00009000","C2","29551","36696","Nuclear Propulsion","34.00","Science and Engineering"
"Ministry of Defence","Ministry of Defence","Defence Infrastructure Organisation","26677","E1","18554","22345","Security Management","0.67","Operational Delivery"
"Ministry of Defence","Ministry of Defence","Army","1167535","D","23661","29383","Design and Imagery","30.04","Communications"
"Ministry of Defence","Ministry of Defence","Navy Command","1105340","D","23661","29383","Safety,Health,Enviroment&Fire","12.80","Operational Delivery"
"Ministry of Defence","Ministry of Defence","Head Office and Corporate Services","00155792","C2","29551","36696","Not in post","5.00","Science and Engineering"
"Ministry of Defence","Ministry of Defence","Royal Air Force Air Command","1017733","E1","18554","22345","Transaction Processing","49.73","Finance"
"Ministry of Defence","Ministry of Defence","Defence Equipment and Support","00009000","C2","29551","36696","Nuclear Weapons","11.00","Science and Engineering"
"Ministry of Defence","Ministry of Defence","Defence Infrastructure Organisation","26677","E1","18554","22345","Storekeeping/WarehouseOps","5.00","Operational Delivery"
"Ministry of Defence","Ministry of Defence","Army","1167535","D","23661","29383","Direct Military Support","15.00","Operational Delivery"
"Ministry of Defence","Ministry of Defence","Navy Command","1105340","D","23661","29383","Science - Chemistry","4.00","Science and Engineering"
"Ministry of Defence","Ministry of Defence","Head Office and Corporate Services","00155792","C2","29551","36696","Audit and Assurance","1.00","Science and Engineering"
"Ministry of Defence","Ministry of Defence","Royal Air Force Air Command","1017733","E1","18554","22345","Transport & Movement","32.00","Operational Delivery"
"Ministry of Defence","Ministry of Defence","Defence Equipment and Support","00009000","C2","29551","36696","Obsolete Security","7.00","Operational Delivery"
"Ministry of Defence","Ministry of Defence","Defence Infrastructure Organisation","26677","E1","18554","22345","Technical [Trades]","2.00","Science and Engineering"
"Ministry of Defence","Ministry of Defence","Army","1167535","D","23661","29383","Driving","0.54","Operational Delivery"
"Ministry of Defence","Ministry of Defence","Navy Command","1105340","D","23661","29383","Science - Material Science","1.00","Science and Engineering"
"Ministry of Defence","Ministry of Defence","Head Office and Corporate Services","00155792","C2","29551","36696","Audit and Assurance","3.00","Internal Audit"
"Ministry of Defence","Ministry of Defence","Royal Air Force Air Command","1017733","E1","18554","22345","WOME Production","1.00","Science and Engineering"
"Ministry of Defence","Ministry of Defence","Defence Equipment and Support","00009000","C2","29551","36696","Operational Analysis","4.00","Science and Engineering"
"Ministry of Defence","Ministry of Defence","Defence Infrastructure Organisation","26677","E1","18554","22345","Project Planning & Scheduling","1.81","Operational Delivery"
"Ministry of Defence","Ministry of Defence","Army","1167535","D","23661","29383","E-Communcations","14.00","Communications"
"Ministry of Defence","Ministry of Defence","Navy Command","1105340","D","23661","29383","Science - Microbiology","1.00","Science and Engineering"
"Ministry of Defence","Ministry of Defence","Head Office and Corporate Services","00155792","D","23661","29383","Administrative Support","2.00","Internal Audit"
"Ministry of Defence","Ministry of Defence","Royal Air Force Air Command","1017733","E2","15779","19003","Administrative Support","380.92","Operational Delivery"
"Ministry of Defence","Ministry of Defence","Defence Equipment and Support","00009000","C2","29551","36696","Performance Management","18.54","Internal Audit"
"Ministry of Defence","Ministry of Defence","Defence Infrastructure Organisation","26677","E1","18554","22345","Town & Country Planning","1.00","Property and asset management"
"Ministry of Defence","Ministry of Defence","Army","1167535","D","23661","29383","Employee Representative","1.00","Human Resources"
"Ministry of Defence","Ministry of Defence","Navy Command","1105340","D","23661","29383","Science & Engineering policy","4.00","Science and Engineering"
"Ministry of Defence","Ministry of Defence","Head Office and Corporate Services","00155792","OF2","38848","46199","AeroEng (Aero/Struct) Mech)","1.00","Military"
"Ministry of Defence","Ministry of Defence","Royal Air Force Air Command","1017733","E2","15779","19003","Audit and Assurance","1.00","Internal Audit"
"Ministry of Defence","Ministry of Defence","Defence Equipment and Support","00009000","C2","29551","36696","Photography","1.00","Communications"
"Ministry of Defence","Ministry of Defence","Defence Infrastructure Organisation","26677","E1","18554","22345","Training Support","1.00","Operational Delivery"
"Ministry of Defence","Ministry of Defence","Army","1167535","D","23661","29383","Energy Management","1.00","Operational Delivery"
"Ministry of Defence","Ministry of Defence","Navy Command","1105340","D","23661","29383","Secretarial","5.00","Operational Delivery"
"Ministry of Defence","Ministry of Defence","Head Office and Corporate Services","00155792","OF3","48934","58605","AeroEng (Aero/Struct) Mech)","2.00","Military"
"Ministry of Defence","Ministry of Defence","Royal Air Force Air Command","1017733","E2","15779","19003","Case Assessment","4.00","Operational Delivery"
"Ministry of Defence","Ministry of Defence","Defence Equipment and Support","00009000","C2","29551","36696","Policy Advisor","10.52","Policy"
"Ministry of Defence","Ministry of Defence","Defence Infrastructure Organisation","26677","E1","18554","22345","Transaction Processing","3.32","Finance"
"Ministry of Defence","Ministry of Defence","Army","1167535","D","23661","29383","Estate Advice","2.00","Property and asset management"
"Ministry of Defence","Ministry of Defence","Navy Command","1105340","D","23661","29383","Secretariat & Private Office","7.75","Operational Delivery"
"Ministry of Defence","Ministry of Defence","Head Office and Corporate Services","00155792","OF3","48934","58605","Not in post","2.00","Military"
"Ministry of Defence","Ministry of Defence","Royal Air Force Air Command","1017733","E2","15779","19003","Civilian Training","1.00","Operational Delivery"
"Ministry of Defence","Ministry of Defence","Defence Equipment and Support","00009000","C2","29551","36696","Postal & Courier","1.00","Operational Delivery"
"Ministry of Defence","Ministry of Defence","Defence Infrastructure Organisation","26677","E2","15779","19003","Administrative Support","11.31","Operational Delivery"
"Ministry of Defence","Ministry of Defence","Army","1167535","D","23661","29383","Estates Management","3.81","Property and asset management"
"Ministry of Defence","Ministry of Defence","Navy Command","1105340","D","23661","29383","Security Advice","4.00","Operational Delivery"
"Ministry of Defence","Ministry of Defence","Head Office and Corporate Services","00155792","OF3","48934","58605","Safety Management","11.00","Military"
"Ministry of Defence","Ministry of Defence","Royal Air Force Air Command","1017733","E2","15779","19003","Customer Services","1.41","Operational Delivery"
"Ministry of Defence","Ministry of Defence","Defence Equipment and Support","00009000","C2","29551","36696","Programme Management","81.02","Programme and Project Management (PPM)"
"Ministry of Defence","Ministry of Defence","Defence Infrastructure Organisation","26677","E2","15779","19003","Energy Management","1.00","Operational Delivery"
"Ministry of Defence","Ministry of Defence","Army","1167535","D","23661","29383","External Communications","4.00","Communications"
"Ministry of Defence","Ministry of Defence","Navy Command","1105340","D","23661","29383","Security Management","3.00","Operational Delivery"
"Ministry of Defence","Ministry of Defence","Head Office and Corporate Services","00155792","OF4","68679","79524","AeroEng (Aero/Struct) Mech)","3.00","Military"
"Ministry of Defence","Ministry of Defence","Royal Air Force Air Command","1017733","E2","15779","19003","Decision Support","1.00","Finance"
"Ministry of Defence","Ministry of Defence","Defence Equipment and Support","00009000","C2","29551","36696","Project Management","652.05","Programme and Project Management (PPM)"
"Ministry of Defence","Ministry of Defence","Defence Infrastructure Organisation","26677","E2","15779","19003","MGS Dog Handling","83.00","Operational Delivery"
"Ministry of Defence","Ministry of Defence","Army","1167535","D","23661","29383","General Practice Dental","1.00","Medicine"
"Ministry of Defence","Ministry of Defence","Navy Command","1105340","D","23661","29383","Security Support","3.00","Operational Delivery"
"Ministry of Defence","Ministry of Defence","Head Office and Corporate Services","00155792","OF4","68679","79524","Safety Management","5.00","Military"
"Ministry of Defence","Ministry of Defence","Royal Air Force Air Command","1017733","E2","15779","19003","Design and Imagery","4.54","Communications"
"Ministry of Defence","Ministry of Defence","Defence Equipment and Support","00009000","C2","29551","36696","Project Security Officer","1.00","Operational Delivery"
"Ministry of Defence","Ministry of Defence","Defence Infrastructure Organisation","26677","E2","15779","19003","MGS Unarmed Guarding","1595.82","Operational Delivery"
"Ministry of Defence","Ministry of Defence","Army","1167535","D","23661","29383","Geospatial Analyst","1.00","Operational Delivery"
"Ministry of Defence","Ministry of Defence","Navy Command","1105340","D","23661","29383","Service HR Expert","3.00","Human Resources"
"Ministry of Defence","Ministry of Defence","Head Office and Corporate Services","00155792","OF5","83205","91466","Safety Management","2.00","Military"
"Ministry of Defence","Ministry of Defence","Royal Air Force Air Command","1017733","E2","15779","19003","E-Communcations","1.00","Communications"
"Ministry of Defence","Ministry of Defence","Defence Equipment and Support","00009000","C2","29551","36696","Quality Management","23.60","Programme and Project Management (PPM)"
"Ministry of Defence","Ministry of Defence","Defence Infrastructure Organisation","26677","E2","15779","19003","Obsolete Security","1.00","Operational Delivery"
"Ministry of Defence","Ministry of Defence","Army","1167535","D","23661","29383","HR Leader","1.00","Human Resources"
"Ministry of Defence","Ministry of Defence","Navy Command","1105340","D","23661","29383","Service HR Service Provider","1.00","Human Resources"
"Ministry of Defence","Ministry of Defence","Head Office and Corporate Services","00155792","OR4","27054","33998","Not in post","1.00","Military"
"Ministry of Defence","Ministry of Defence","Royal Air Force Air Command","1017733","E2","15779","19003","Information Technology","5.81","Information Technology"
"Ministry of Defence","Ministry of Defence","Defence Equipment and Support","00009000","C2","29551","36696","Reporting and Controls","8.94","Finance"
"Ministry of Defence","Ministry of Defence","Defence Infrastructure Organisation","26677","E2","15779","19003","Soft Facilities Management","1.00","Property and asset management"
"Ministry of Defence","Ministry of Defence","Army","1167535","D","23661","29383","Information Assurance","2.00","Knowledge and Information Management (KIM)"
"Ministry of Defence","Ministry of Defence","Navy Command","1105340","D","23661","29383","Specialist Instruction","14.00","Operational Delivery"
"Ministry of Defence","Ministry of Defence","Head Office and Corporate Services","00155792","OR9","39548","47902","Safety Management","1.00","Military"
"Ministry of Defence","Ministry of Defence","Royal Air Force Air Command","1017733","E2","15779","19003","Internal Communications","1.00","Communications"
"Ministry of Defence","Ministry of Defence","Defence Equipment and Support","00009000","C2","29551","36696","Risk Management","12.00","Programme and Project Management (PPM)"
"Ministry of Defence","Ministry of Defence","Defence Infrastructure Organisation","26677","E2","15779","19003","Storekeeping/WarehouseOps","1.00","Operational Delivery"
"Ministry of Defence","Ministry of Defence","Army","1167535","D","23661","29383","Information Technology","126.32","Information Technology"
"Ministry of Defence","Ministry of Defence","Navy Command","1105340","D","23661","29383","Statistical Analysis","0.67","Statisticians"
"Ministry of Defence","Ministry of Defence","Head Office and Corporate Services","00155792","OR9","39548","47902","AeroEng (Aero/Struct) Mech)","3.00","Military"
"Ministry of Defence","Ministry of Defence","Royal Air Force Air Command","1017733","E2","15779","19003","Inventory Management","3.64","Operational Delivery"
"Ministry of Defence","Ministry of Defence","Defence Equipment and Support","00009000","C2","29551","36696","Safety Management","53.04","Operational Delivery"
"Ministry of Defence","Ministry of Defence","Defence Infrastructure Organisation","26677","Skill Zone 4","22372","25179","Technical [Trades]","2.00","Science and Engineering"
"Ministry of Defence","Ministry of Defence","Army","1167535","D","23661","29383","Internal Communications","2.00","Communications"
"Ministry of Defence","Ministry of Defence","Navy Command","1105340","D","23661","29383","Statistics","1.00","Statisticians"
"Ministry of Defence","Ministry of Defence","Head Office and Corporate Services","00155792","B1","57000","72907","Finance Resources and Plans","1.00","Finance"
"Ministry of Defence","Ministry of Defence","Royal Air Force Air Command","1017733","E2","15779","19003","Knowledge Info Management","1.00","Knowledge and Information Management (KIM)"
"Ministry of Defence","Ministry of Defence","Defence Equipment and Support","00009000","C2","29551","36696","Safety,Health,Enviroment&Fire","9.62","Operational Delivery"
"Ministry of Defence","Ministry of Defence","Defence Infrastructure Organisation","26677","Skill Zone 3","18190","22372","Material Accounting","1.00","Operational Delivery"
"Ministry of Defence","Ministry of Defence","Army","1167535","D","23661","29383","Inventory Management","7.81","Operational Delivery"
"Ministry of Defence","Ministry of Defence","Navy Command","1105340","D","23661","29383","Storekeeping/WarehouseOps","4.00","Operational Delivery"
"Ministry of Defence","Ministry of Defence","Head Office and Corporate Services","00155792","C1","36004","44711","Capability Management","3.00","Other"
"Ministry of Defence","Ministry of Defence","Royal Air Force Air Command","1017733","E2","15779","19003","Material Accounting","18.00","Operational Delivery"
"Ministry of Defence","Ministry of Defence","Defence Equipment and Support","00009000","C2","29551","36696","Science & Engineering policy","3.00","Science and Engineering"
"Ministry of Defence","Ministry of Defence","Defence Infrastructure Organisation","26677","Skill Zone 3","18190","22372","Natural Environment","3.00","Operational Delivery"
"Ministry of Defence","Ministry of Defence","Army","1167535","D","23661","29383","Knowledge Info Management","34.47","Knowledge and Information Management (KIM)"
"Ministry of Defence","Ministry of Defence","Navy Command","1105340","D","23661","29383","Systems Engineering","1.00","Science and Engineering"
"Ministry of Defence","Ministry of Defence","Head Office and Corporate Services","00155792","E1","18554","22345","Personal Secretary","1.00","Finance"
"Ministry of Defence","Ministry of Defence","Royal Air Force Air Command","1017733","E2","15779","19003","Obsolete Security","1.00","Operational Delivery"
"Ministry of Defence","Ministry of Defence","Defence Equipment and Support","00009000","C2","29551","36696","Secretariat & Private Office","16.00","Operational Delivery"
"Ministry of Defence","Ministry of Defence","Defence Infrastructure Organisation","26677","Skill Zone 3","18190","22372","Storekeeping/WarehouseOps","28.00","Operational Delivery"
"Ministry of Defence","Ministry of Defence","Army","1167535","D","23661","29383","Legal","1.00","Law"
"Ministry of Defence","Ministry of Defence","Navy Command","1105340","D","23661","29383","Teaching","6.00","Operational Delivery"
"Ministry of Defence","Ministry of Defence","Head Office and Corporate Services","00155792","OF3","48934","58605","Finance Resources and Plans","4.00","Military"
"Ministry of Defence","Ministry of Defence","Royal Air Force Air Command","1017733","E2","15779","19003","Postal & Courier","2.00","Operational Delivery"
"Ministry of Defence","Ministry of Defence","Defence Equipment and Support","00009000","C2","29551","36696","Security Advice","8.00","Operational Delivery"
"Ministry of Defence","Ministry of Defence","Defence Infrastructure Organisation","26677","Skill Zone 3","18190","22372","Technical [Trades]","3.00","Science and Engineering"
"Ministry of Defence","Ministry of Defence","Army","1167535","D","23661","29383","Knowledge & Information Management Manager","1.00","Knowledge and Information Management (KIM)"
"Ministry of Defence","Ministry of Defence","Navy Command","1105340","D","23661","29383","Technical [Trades]","3.00","Science and Engineering"
"Ministry of Defence","Ministry of Defence","Head Office and Corporate Services","00155792","OF4","68679","79524","Finance Resources and Plans","7.00","Military"
"Ministry of Defence","Ministry of Defence","Royal Air Force Air Command","1017733","E2","15779","19003","Safety,Health,Enviroment&Fire","1.00","Operational Delivery"
"Ministry of Defence","Ministry of Defence","Defence Equipment and Support","00009000","C2","29551","36696","Security Audit","6.00","Operational Delivery"
"Ministry of Defence","Ministry of Defence","Defence Infrastructure Organisation","26677","Skill Zone 2","16647","18190","Business Management","2.00","Operational Delivery"
"Ministry of Defence","Ministry of Defence","Army","1167535","D","23661","29383","Logistics [Trades]","1.00","Operational Delivery"
"Ministry of Defence","Ministry of Defence","Navy Command","1105340","D","23661","29383","Through Life Support","6.80","Operational Delivery"
"Ministry of Defence","Ministry of Defence","Head Office and Corporate Services","00155792","OF5","83205","91466","Finance Resources and Plans","3.00","Military"
"Ministry of Defence","Ministry of Defence","Royal Air Force Air Command","1017733","E2","15779","19003","Secretarial","50.82","Operational Delivery"
"Ministry of Defence","Ministry of Defence","Defence Equipment and Support","00009000","C2","29551","36696","Security Management","1.00","Operational Delivery"
"Ministry of Defence","Ministry of Defence","Defence Infrastructure Organisation","26677","Skill Zone 2","16647","18190","Driving","3.00","Operational Delivery"
"Ministry of Defence","Ministry of Defence","Army","1167535","D","23661","29383","Logistics Management","1.00","Operational Delivery"
"Ministry of Defence","Ministry of Defence","Navy Command","1105340","D","23661","29383","Training Support","17.28","Operational Delivery"
"Ministry of Defence","Ministry of Defence","Head Office and Corporate Services","00155792","B1","57000","72907","Business Manager","1.00","Planning"
"Ministry of Defence","Ministry of Defence","Royal Air Force Air Command","1017733","E2","15779","19003","Security Support","3.81","Operational Delivery"
"Ministry of Defence","Ministry of Defence","Defence Equipment and Support","00009000","C2","29551","36696","Security Support","1.00","Operational Delivery"
"Ministry of Defence","Ministry of Defence","Defence Infrastructure Organisation","26677","Skill Zone 2","16647","18190","Material Accounting","6.00","Operational Delivery"
"Ministry of Defence","Ministry of Defence","Army","1167535","D","23661","29383","Material Accounting","3.00","Operational Delivery"
"Ministry of Defence","Ministry of Defence","Navy Command","1105340","D","23661","29383","Transport & Movement","7.54","Operational Delivery"
"Ministry of Defence","Ministry of Defence","Head Office and Corporate Services","00155792","B1","57000","72907","Capability Management","1.00","Planning"
"Ministry of Defence","Ministry of Defence","Royal Air Force Air Command","1017733","E2","15779","19003","Service HR Service Provider","5.81","Human Resources"
"Ministry of Defence","Ministry of Defence","Defence Equipment and Support","00009000","C2","29551","36696","Service HR Expert","1.00","Human Resources"
"Ministry of Defence","Ministry of Defence","Defence Infrastructure Organisation","26677","Skill Zone 2","16647","18190","Range Management","11.00","Property and asset management"
"Ministry of Defence","Ministry of Defence","Army","1167535","D","23661","29383","Museum","4.00","Knowledge and Information Management (KIM)"
"Ministry of Defence","Ministry of Defence","Navy Command","1105340","D","23661","29383","WOME Production","1.00","Science and Engineering"
"Ministry of Defence","Ministry of Defence","Head Office and Corporate Services","00155792","B2","48421","60130","Capability Management","2.00","Planning"
"Ministry of Defence","Ministry of Defence","Royal Air Force Air Command","1017733","E2","15779","19003","Soft Facilities Management","3.04","Property and asset management"
"Ministry of Defence","Ministry of Defence","Defence Equipment and Support","00009000","C2","29551","36696","Site Estate","1.00","Property and asset management"
"Ministry of Defence","Ministry of Defence","Defence Infrastructure Organisation","26677","Skill Zone 2","16647","18190","Safety,Health,Enviroment&Fire","1.00","Operational Delivery"
"Ministry of Defence","Ministry of Defence","Army","1167535","D","23661","29383","Obsolete Security","16.00","Operational Delivery"
"Ministry of Defence","Ministry of Defence","Navy Command","1105340","D","23661","29383","WOME Safety","3.00","Science and Engineering"
"Ministry of Defence","Ministry of Defence","Head Office and Corporate Services","00155792","C1","36004","44711","Capability Management","2.00","Planning"
"Ministry of Defence","Ministry of Defence","Royal Air Force Air Command","1017733","E2","15779","19003","Storekeeping/WarehouseOps","1.00","Operational Delivery"
"Ministry of Defence","Ministry of Defence","Defence Equipment and Support","00009000","C2","29551","36696","Statistical Analysis","0.67","Statisticians"
"Ministry of Defence","Ministry of Defence","Defence Infrastructure Organisation","26677","Skill Zone 2","16647","18190","Soft Facilities Management","2.00","Property and asset management"
"Ministry of Defence","Ministry of Defence","Army","1167535","D","23661","29383","Operations & Capability Audit","1.00","Policy"
"Ministry of Defence","Ministry of Defence","Navy Command","1105340","D MSF","23661","29383","Administrative Support","1.00","Operational Delivery"
"Ministry of Defence","Ministry of Defence","Head Office and Corporate Services","00155792","C1 MSF","36004","44711","Capability Management","5.00","Planning"
"Ministry of Defence","Ministry of Defence","Royal Air Force Air Command","1017733","E2","15779","19003","Technical [Trades]","3.00","Science and Engineering"
"Ministry of Defence","Ministry of Defence","Defence Equipment and Support","00009000","C2","29551","36696","Storekeeping/WarehouseOps","9.00","Operational Delivery"
"Ministry of Defence","Ministry of Defence","Defence Infrastructure Organisation","26677","Skill Zone 2","16647","18190","Storekeeping/WarehouseOps","90.87","Operational Delivery"
"Ministry of Defence","Ministry of Defence","Army","1167535","D","23661","29383","Performance Management","1.00","Internal Audit"
"Ministry of Defence","Ministry of Defence","Navy Command","1105340","D MSF","23661","29383","Business Management","2.00","Operational Delivery"
"Ministry of Defence","Ministry of Defence","Head Office and Corporate Services","00155792","C2","29551","36696","Capability Management","2.00","Planning"
"Ministry of Defence","Ministry of Defence","Royal Air Force Air Command","1017733","E2","15779","19003","Transaction Processing","10.78","Finance"
"Ministry of Defence","Ministry of Defence","Defence Equipment and Support","00009000","C2","29551","36696","Systems Engineering","27.56","Science and Engineering"
"Ministry of Defence","Ministry of Defence","Defence Infrastructure Organisation","26677","Skill Zone 2","16647","18190","Technical [Trades]","2.00","Science and Engineering"
"Ministry of Defence","Ministry of Defence","Army","1167535","D","23661","29383","Photography","9.00","Communications"
"Ministry of Defence","Ministry of Defence","Navy Command","1105340","D MSF","23661","29383","Direct Military Support","3.00","Operational Delivery"
"Ministry of Defence","Ministry of Defence","Head Office and Corporate Services","00155792","E1","18554","22345","Executive Assistant","1.00","Planning"
"Ministry of Defence","Ministry of Defence","Royal Air Force Air Command","1017733","E2","15779","19003","Transport & Movement","17.00","Operational Delivery"
"Ministry of Defence","Ministry of Defence","Defence Equipment and Support","00009000","C2","29551","36696","SystemSafety&Enviromental Mgt","12.00","Programme and Project Management (PPM)"
"Ministry of Defence","Ministry of Defence","Defence Infrastructure Organisation","26677","Skill Zone 2","16647","18190","Project Planning & Scheduling","2.00","Operational Delivery"
"Ministry of Defence","Ministry of Defence","Army","1167535","D","23661","29383","Policy Advisor","4.00","Policy"
"Ministry of Defence","Ministry of Defence","Navy Command","1105340","D MSF","23661","29383","Legal","1.00","Law"
"Ministry of Defence","Ministry of Defence","Head Office and Corporate Services","00155792","D","23661","29383","Corporate Support","1.00","Planning"
"Ministry of Defence","Ministry of Defence","Royal Air Force Air Command","1017733","Simulator Instructor 2 - 7576","29551","36696","Training Support","1.79","Operational Delivery"
"Ministry of Defence","Ministry of Defence","Defence Equipment and Support","00009000","C2","29551","36696","Teaching","1.00","Operational Delivery"
"Ministry of Defence","Ministry of Defence","Defence Infrastructure Organisation","26677","Skill Zone 1","15234","16647","Administrative Support","2.00","Operational Delivery"
"Ministry of Defence","Ministry of Defence","Army","1167535","D","23661","29383","Postal & Courier","1.00","Operational Delivery"
"Ministry of Defence","Ministry of Defence","Navy Command","1105340","D MSF","23661","29383","Obsolete Security","5.00","Operational Delivery"
"Ministry of Defence","Ministry of Defence","Head Office and Corporate Services","00155792","E1","18554","22345","Business Management and Improvement","1.00","Planning"
"Ministry of Defence","Ministry of Defence","Royal Air Force Air Command","1017733","Skill Zone 3","18190","22372","Technical [Trades]","33.00","Science and Engineering"
"Ministry of Defence","Ministry of Defence","Defence Equipment and Support","00009000","C2","29551","36696","Technical [Trades]","10.67","Science and Engineering"
"Ministry of Defence","Ministry of Defence","Defence Infrastructure Organisation","26677","Skill Zone 1","15234","16647","Range Management","0.40","Property and asset management"
"Ministry of Defence","Ministry of Defence","Army","1167535","D","23661","29383","Programme Management","2.50","Programme and Project Management (PPM)"
"Ministry of Defence","Ministry of Defence","Navy Command","1105340","D MSF","23661","29383","Security Management","5.00","Operational Delivery"
"Ministry of Defence","Ministry of Defence","Head Office and Corporate Services","00155792","OF3","48934","58605","Capability Management","1.00","Military"
"Ministry of Defence","Ministry of Defence","Royal Air Force Air Command","1017733","Skill Zone 3","18190","22372","Design and Imagery","1.00","Communications"
"Ministry of Defence","Ministry of Defence","Defence Equipment and Support","00009000","C2","29551","36696","Technical Support","4.00","Science and Engineering"
"Ministry of Defence","Ministry of Defence","Defence Infrastructure Organisation","26677","Skill Zone 1","15234","16647","Site Estate","7.00","Property and asset management"
"Ministry of Defence","Ministry of Defence","Army","1167535","D","23661","29383","Project Management","13.72","Programme and Project Management (PPM)"
"Ministry of Defence","Ministry of Defence","Navy Command","1105340","D MSF","23661","29383","Service HR Service Provider","1.00","Human Resources"
"Ministry of Defence","Ministry of Defence","Head Office and Corporate Services","00155792","OF4","68679","79524","Capability Management","3.00","Military"
"Ministry of Defence","Ministry of Defence","Royal Air Force Air Command","1017733","Skill Zone 2","16647","18190","Driving","315.00","Operational Delivery"
"Ministry of Defence","Ministry of Defence","Defence Equipment and Support","00009000","C2","29551","36696","Through Life Support","186.49","Operational Delivery"
"Ministry of Defence","Ministry of Defence","Defence Infrastructure Organisation","26677","Skill Zone 1","15234","16647","Soft Facilities Management","1.54","Property and asset management"
"Ministry of Defence","Ministry of Defence","Army","1167535","D","23661","29383","Quality Management","1.00","Programme and Project Management (PPM)"
"Ministry of Defence","Ministry of Defence","Navy Command","1105340","D MSF","23661","29383","Systems Engineering","1.00","Science and Engineering"
"Ministry of Defence","Ministry of Defence","Head Office and Corporate Services","00155792","OF5","83205","91466","Capability Management","1.00","Military"
"Ministry of Defence","Ministry of Defence","Royal Air Force Air Command","1017733","Skill Zone 1","15234","16647","Range Management","1.00","Property and asset management"
"Ministry of Defence","Ministry of Defence","Defence Equipment and Support","00009000","C2","29551","36696","Training Support","2.72","Operational Delivery"
"Ministry of Defence","Ministry of Defence","Defence Infrastructure Organisation","26677","Skill Zone 1","15234","16647","Storekeeping/WarehouseOps","13.00","Operational Delivery"
"Ministry of Defence","Ministry of Defence","Army","1167535","D","23661","29383","Reporting and Controls","23.81","Finance"
"Ministry of Defence","Ministry of Defence","Navy Command","1105340","E1","18554","22345","Administrative Support","316.32","Operational Delivery"
"Ministry of Defence","Ministry of Defence","Head Office and Corporate Services","00155792","B1","57000","72907","Capability Management","1.00","Planning"
"Ministry of Defence","Ministry of Defence","Royal Air Force Air Command","1017733","Skill Zone 3","18190","22372","Storekeeping/WarehouseOps","1.00","Operational Delivery"
"Ministry of Defence","Ministry of Defence","Defence Equipment and Support","00009000","C2","29551","36696","Transaction Processing","6.34","Finance"
"Ministry of Defence","Ministry of Defence","Defence Infrastructure Organisation","26677","C1 MSF","36004","44711","Estates Management","1.00","Property and asset management"
"Ministry of Defence","Ministry of Defence","Army","1167535","D","23661","29383","Safety Management","4.32","Operational Delivery"
"Ministry of Defence","Ministry of Defence","Navy Command","1105340","E1","18554","22345","Business Management","6.94","Operational Delivery"
"Ministry of Defence","Ministry of Defence","Head Office and Corporate Services","00155792","B2","48421","60130","Capability Management","1.00","Planning"
"Ministry of Defence","Ministry of Defence","Royal Air Force Air Command","1017733","Skill Zone 3","18190","22372","Storekeeping/WarehouseOps","20.00","Operational Delivery"
"Ministry of Defence","Ministry of Defence","Defence Equipment and Support","00009000","C2","29551","36696","Transport & Movement","12.00","Operational Delivery"
"Ministry of Defence","Ministry of Defence","Defence Infrastructure Organisation","26677","C1 MSF","36004","44711","Project Management","8.00","Programme and Project Management (PPM)"
"Ministry of Defence","Ministry of Defence","Army","1167535","D","23661","29383","Safety,Health,Enviroment&Fire","26.40","Operational Delivery"
"Ministry of Defence","Ministry of Defence","Navy Command","1105340","E1","18554","22345","Civilian HR Service Provider","7.04","Human Resources"
"Ministry of Defence","Ministry of Defence","Head Office and Corporate Services","00155792","C1","36004","44711","Capability Management","1.00","Planning"
"Ministry of Defence","Ministry of Defence","Royal Air Force Air Command","1017733","Skill Zone 3","18190","22372","Storekeeping/WarehouseOps","12.67","Operational Delivery"
"Ministry of Defence","Ministry of Defence","Defence Equipment and Support","00009000","C2","29551","36696","WOME Assets","4.00","Science and Engineering"
"Ministry of Defence","Ministry of Defence","Defence Infrastructure Organisation","26677","C2 MSF","29551","36696","Administrative Support","1.00","Operational Delivery"
"Ministry of Defence","Ministry of Defence","Army","1167535","D","23661","29383","Secretarial","1.00","Operational Delivery"
"Ministry of Defence","Ministry of Defence","Navy Command","1105340","E1","18554","22345","Community Development Work","1.00","Operational Delivery"
"Ministry of Defence","Ministry of Defence","Head Office and Corporate Services","00155792","C2","29551","36696","Capability Management","1.00","Planning"
"Ministry of Defence","Ministry of Defence","Royal Air Force Air Command","1017733","Skill Zone 3","18190","22372","Technical [Trades]","6.00","Science and Engineering"
"Ministry of Defence","Ministry of Defence","Defence Equipment and Support","00009000","C2","29551","36696","WOME Production","29.00","Science and Engineering"
"Ministry of Defence","Ministry of Defence","Defence Infrastructure Organisation","26677","C2 MSF","29551","36696","Direct Military Support","5.00","Operational Delivery"
"Ministry of Defence","Ministry of Defence","Army","1167535","D","23661","29383","Secretariat & Private Office","7.81","Operational Delivery"
"Ministry of Defence","Ministry of Defence","Navy Command","1105340","E1","18554","22345","Community Service","19.45","Operational Delivery"
"Ministry of Defence","Ministry of Defence","Head Office and Corporate Services","00155792","E1","18554","22345","Executive Assistant","1.00","Planning"
"Ministry of Defence","Ministry of Defence","Royal Air Force Air Command","1017733","Skill Zone 1","15234","16647","Technical [Trades]","2.00","Science and Engineering"
"Ministry of Defence","Ministry of Defence","Defence Equipment and Support","00009000","C2","29551","36696","WOME Safety","29.00","Science and Engineering"
"Ministry of Defence","Ministry of Defence","Defence Infrastructure Organisation","26677","C2 MSF","29551","36696","Estate Advice","2.00","Property and asset management"
"Ministry of Defence","Ministry of Defence","Army","1167535","D","23661","29383","Security Management","2.00","Operational Delivery"
"Ministry of Defence","Ministry of Defence","Navy Command","1105340","E1","18554","22345","Decision Support","25.43","Finance"
"Ministry of Defence","Ministry of Defence","Head Office and Corporate Services","00155792","OF3","48934","58605","Capability Management","1.00","Military"
"Ministry of Defence","Ministry of Defence","Royal Air Force Air Command","1017733","Skill Zone 3","18190","22372","Technical [Trades]","19.00","Science and Engineering"
"Ministry of Defence","Ministry of Defence","Defence Equipment and Support","00009000","C2 MSF","29551","36696","AeroEng(Electronics/Avionics)","1.00","Science and Engineering"
"Ministry of Defence","Ministry of Defence","Defence Infrastructure Organisation","26677","C2 MSF","29551","36696","Estates Management","9.00","Property and asset management"
"Ministry of Defence","Ministry of Defence","Army","1167535","D","23661","29383","Security Support","0.81","Operational Delivery"
"Ministry of Defence","Ministry of Defence","Navy Command","1105340","E1","18554","22345","Design and Imagery","10.00","Communications"
"Ministry of Defence","Ministry of Defence","Head Office and Corporate Services","00155792","OF4","68679","79524","Capability Management","5.00","Military"
"Ministry of Defence","Ministry of Defence","Royal Air Force Air Command","1017733","Skill Zone 3","18190","22372","Technical [Trades]","1.00","Science and Engineering"
"Ministry of Defence","Ministry of Defence","Defence Equipment and Support","00009000","C2 MSF","29551","36696","Business Management","1.00","Operational Delivery"
"Ministry of Defence","Ministry of Defence","Defence Infrastructure Organisation","26677","C2 MSF","29551","36696","Performance Management","1.00","Internal Audit"
"Ministry of Defence","Ministry of Defence","Army","1167535","D","23661","29383","Service HR Expert","32.86","Human Resources"
"Ministry of Defence","Ministry of Defence","Navy Command","1105340","E1","18554","22345","Direct Military Support","4.00","Operational Delivery"
"Ministry of Defence","Ministry of Defence","Head Office and Corporate Services","00155792","OF5","83205","91466","Capability Management","2.00","Military"
"Ministry of Defence","Ministry of Defence","Royal Air Force Air Command","1017733","Skill Zone 3","18190","22372","Technical [Trades]","2.00","Science and Engineering"
"Ministry of Defence","Ministry of Defence","Defence Equipment and Support","00009000","C2 MSF","29551","36696","Direct Military Support","1.00","Operational Delivery"
"Ministry of Defence","Ministry of Defence","Defence Infrastructure Organisation","26677","C2 MSF","29551","36696","Range Management","31.00","Property and asset management"
"Ministry of Defence","Ministry of Defence","Army","1167535","D","23661","29383","Service HR Partner","1.00","Human Resources"
"Ministry of Defence","Ministry of Defence","Navy Command","1105340","E1","18554","22345","Estates Management","4.00","Property and asset management"
"Ministry of Defence","Ministry of Defence","Head Office and Corporate Services","00155792","D","23661","29383","Office Manager","1.00","Other"
"Ministry of Defence","Ministry of Defence","Royal Air Force Air Command","1017733","Skill Zone 3","18190","22372","Technical [Trades]","1.00","Science and Engineering"
"Ministry of Defence","Ministry of Defence","Defence Equipment and Support","00009000","C2 MSF","29551","36696","Inventory Management","0.81","Operational Delivery"
"Ministry of Defence","Ministry of Defence","Defence Infrastructure Organisation","26677","C2 MSF","29551","36696","Secretarial","5.00","Operational Delivery"
"Ministry of Defence","Ministry of Defence","Army","1167535","D","23661","29383","Service HR Service Provider","7.00","Human Resources"
"Ministry of Defence","Ministry of Defence","Navy Command","1105340","E1","18554","22345","External Communications","2.00","Communications"
"Ministry of Defence","Ministry of Defence","Head Office and Corporate Services","00155792","OF2","38848","46199","Military Assistant","1.00","Military"
"Ministry of Defence","Ministry of Defence","Royal Air Force Air Command","1017733","Skill Zone 3","18190","22372","Technical [Trades]","2.00","Science and Engineering"
"Ministry of Defence","Ministry of Defence","Defence Equipment and Support","00009000","C2 MSF","29551","36696","Obsolete Security","1.00","Operational Delivery"
"Ministry of Defence","Ministry of Defence","Defence Infrastructure Organisation","26677","C2 MSF","29551","36696","Soft Facilities Management","1.00","Property and asset management"
"Ministry of Defence","Ministry of Defence","Army","1167535","D","23661","29383","Site Estate","4.89","Property and asset management"
"Ministry of Defence","Ministry of Defence","Navy Command","1105340","E1","18554","22345","Geospatial Analyst","1.00","Operational Delivery"
"Ministry of Defence","Ministry of Defence","Head Office and Corporate Services","00155792","OF4","68679","79524","Military Assistant","1.00","Military"
"Ministry of Defence","Ministry of Defence","Royal Air Force Air Command","1017733","Skill Zone 3","18190","22372","Technical [Trades]","6.00","Science and Engineering"
"Ministry of Defence","Ministry of Defence","Defence Equipment and Support","00009000","C2 MSF","29551","36696","Project Management","3.00","Programme and Project Management (PPM)"
"Ministry of Defence","Ministry of Defence","Defence Infrastructure Organisation","26677","C2 MSF","29551","36696","WOME Production","1.00","Science and Engineering"
"Ministry of Defence","Ministry of Defence","Army","1167535","D","23661","29383","Soft Facilities Management","9.00","Property and asset management"
"Ministry of Defence","Ministry of Defence","Navy Command","1105340","E1","18554","22345","Information Technology","30.89","Information Technology"
"Ministry of Defence","Ministry of Defence","Head Office and Corporate Services","00155792","B1","57000","72907","Finance Resources and Plans","1.00","Finance"
"Ministry of Defence","Ministry of Defence","Royal Air Force Air Command","1017733","Skill Zone 3","18190","22372","Technical [Trades]","6.00","Science and Engineering"
"Ministry of Defence","Ministry of Defence","Defence Equipment and Support","00009000","C2 MSF","29551","36696","Service HR Expert","1.00","Human Resources"
"Ministry of Defence","Ministry of Defence","Defence Infrastructure Organisation","26677","D MSF","23661","29383","Estates Management","1.00","Property and asset management"
"Ministry of Defence","Ministry of Defence","Army","1167535","D","23661","29383","Specialist Instruction","516.35","Operational Delivery"
"Ministry of Defence","Ministry of Defence","Navy Command","1105340","E1","18554","22345","Internal Communications","1.00","Communications"
"Ministry of Defence","Ministry of Defence","Head Office and Corporate Services","00155792","B2","48421","60130","Capability Management","1.00","Other"
"Ministry of Defence","Ministry of Defence","Royal Air Force Air Command","1017733","Skill Zone 3","18190","22372","Technical [Trades]","1.00","Science and Engineering"
"Ministry of Defence","Ministry of Defence","Defence Equipment and Support","00009000","C2 HTTO","29551","36696","AeroEng(Aero/Struct/Mech)","1.00","Science and Engineering"
"Ministry of Defence","Ministry of Defence","Defence Infrastructure Organisation","26677","D MSF","23661","29383","Range Management","17.00","Property and asset management"
"Ministry of Defence","Ministry of Defence","Army","1167535","D","23661","29383","Statistical Analysis","2.00","Statisticians"
"Ministry of Defence","Ministry of Defence","Navy Command","1105340","E1","18554","22345","Inventory Management","28.07","Operational Delivery"
"Ministry of Defence","Ministry of Defence","Head Office and Corporate Services","00155792","C2","29551","36696","Finance Resources and Plans","1.00","Finance"
"Ministry of Defence","Ministry of Defence","Royal Air Force Air Command","1017733","Skill Zone 3","18190","22372","Technical [Trades]","4.00","Science and Engineering"
"Ministry of Defence","Ministry of Defence","Defence Equipment and Support","00009000","C2 HTTO","29551","36696","Project Management","1.00","Programme and Project Management (PPM)"
"Ministry of Defence","Ministry of Defence","Defence Infrastructure Organisation","26677","Locally Employed Civilian (LEC)","0","0","Locally Employed Civilians","409.00","Operational Delivery"
"Ministry of Defence","Ministry of Defence","Army","1167535","D","23661","29383","Statistics","2.00","Statisticians"
"Ministry of Defence","Ministry of Defence","Navy Command","1105340","E1","18554","22345","Knowledge Info Management","19.81","Knowledge and Information Management (KIM)"
"Ministry of Defence","Ministry of Defence","Head Office and Corporate Services","00155792","C1","36004","44711","Capability Management","5.00","Other"
"Ministry of Defence","Ministry of Defence","Royal Air Force Air Command","1017733","Skill Zone 3","18190","22372","Technical [Trades]","5.00","Science and Engineering"
"Ministry of Defence","Ministry of Defence","Defence Equipment and Support","00009000","C2 HTTO","29551","36696","Teaching","1.00","Operational Delivery"
"Ministry of Defence","Ministry of Defence","Defence Infrastructure Organisation","26677","OF5","83205","91466","Training Area Support (provison of safe place to train)","1.00","Military"
"Ministry of Defence","Ministry of Defence","Army","1167535","D","23661","29383","Storekeeping/WarehouseOps","44.87","Operational Delivery"
"Ministry of Defence","Ministry of Defence","Navy Command","1105340","E1","18554","22345","Logistics [Trades]","1.00","Operational Delivery"
"Ministry of Defence","Ministry of Defence","Head Office and Corporate Services","00155792","E1","18554","22345","Personal Secretary","1.00","Finance"
"Ministry of Defence","Ministry of Defence","Royal Air Force Air Command","1017733","Skill Zone 3","18190","22372","Technical [Trades]","2.00","Science and Engineering"
"Ministry of Defence","Ministry of Defence","Defence Equipment and Support","00009000","C2 HTTO","29551","36696","Technical [Trades]","3.00","Science and Engineering"
"Ministry of Defence","Ministry of Defence","Defence Infrastructure Organisation","26677","OF4","68679","79524","Training Area Support (provison of safe place to train)","17.00","Military"
"Ministry of Defence","Ministry of Defence","Army","1167535","D","23661","29383","Sustainable Development","1.00","Operational Delivery"
"Ministry of Defence","Ministry of Defence","Navy Command","1105340","E1","18554","22345","Logistics Management","1.00","Operational Delivery"
"Ministry of Defence","Ministry of Defence","Head Office and Corporate Services","00155792","OF4","68679","79524","Finance Resources and Plans","4.00","Military"
"Ministry of Defence","Ministry of Defence","Royal Air Force Air Command","1017733","Skill Zone 3","18190","22372","Technical [Trades]","4.00","Science and Engineering"
"Ministry of Defence","Ministry of Defence","Defence Equipment and Support","00009000","C2 HTTO","29551","36696","Through Life Support","6.00","Operational Delivery"
"Ministry of Defence","Ministry of Defence","Defence Infrastructure Organisation","26677","OF4","68679","79524","Programme Management","6.00","Military"
"Ministry of Defence","Ministry of Defence","Army","1167535","D","23661","29383","Systems Engineering","2.00","Science and Engineering"
"Ministry of Defence","Ministry of Defence","Navy Command","1105340","E1","18554","22345","Material Accounting","12.42","Operational Delivery"
"Ministry of Defence","Ministry of Defence","Head Office and Corporate Services","00155792","OF5","83205","91466","Finance Resources and Plans","1.00","Military"
"Ministry of Defence","Ministry of Defence","Royal Air Force Air Command","1017733","Skill Zone 3","18190","22372","Technical [Trades]","18.13","Science and Engineering"
"Ministry of Defence","Ministry of Defence","Defence Equipment and Support","00009000","D","23661","29383","Administrative Support","60.44","Operational Delivery"
"Ministry of Defence","Ministry of Defence","Defence Infrastructure Organisation","26677","OF3","48934","58605","Training Area Support (provison of safe place to train)","7.00","Military"
"Ministry of Defence","Ministry of Defence","Army","1167535","D","23661","29383","Teaching","4.00","Operational Delivery"
"Ministry of Defence","Ministry of Defence","Navy Command","1105340","E1","18554","22345","Obsolete Security","2.67","Operational Delivery"
"Ministry of Defence","Ministry of Defence","Head Office and Corporate Services","00155792","OF3","48934","58605","Military Assistant","1.00","Military"
"Ministry of Defence","Ministry of Defence","Royal Air Force Air Command","1017733","Skill Zone 3","18190","22372","Technical [Trades]","22.00","Science and Engineering"
"Ministry of Defence","Ministry of Defence","Defence Equipment and Support","00009000","D","23661","29383","AeroEng(Aero/Struct/Mech)","23.60","Science and Engineering"
"Ministry of Defence","Ministry of Defence","Defence Infrastructure Organisation","26677","OF3","48934","58605","Overseas Estate Support Functions","6.00","Military"
"Ministry of Defence","Ministry of Defence","Army","1167535","D","23661","29383","Technical [Trades]","17.00","Science and Engineering"
"Ministry of Defence","Ministry of Defence","Navy Command","1105340","E1","18554","22345","Operational Analysis","1.00","Science and Engineering"
"Ministry of Defence","Ministry of Defence","Head Office and Corporate Services","00155792","B1","57000","72907","Operational Analysis","1.00","Planning"
"Ministry of Defence","Ministry of Defence","Royal Air Force Air Command","1017733","Skill Zone 3","18190","22372","Technical [Trades]","5.00","Science and Engineering"
"Ministry of Defence","Ministry of Defence","Defence Equipment and Support","00009000","D","23661","29383","AeroEng(Electronics/Avionics)","9.00","Science and Engineering"
"Ministry of Defence","Ministry of Defence","Defence Infrastructure Organisation","26677","OF3","48934","58605","Infrastructure Planner","3.00","Military"
"Ministry of Defence","Ministry of Defence","Army","1167535","D","23661","29383","Supply Chain Mgt and Policy","8.00","Operational Delivery"
"Ministry of Defence","Ministry of Defence","Navy Command","1105340","E1","18554","22345","Port Operations","26.81","Operational Delivery"
"Ministry of Defence","Ministry of Defence","Head Office and Corporate Services","00155792","B1","57000","72907","Finance","1.00","Planning"
"Ministry of Defence","Ministry of Defence","Royal Air Force Air Command","1017733","Skill Zone 3","18190","22372","Technical [Trades]","3.64","Science and Engineering"
"Ministry of Defence","Ministry of Defence","Defence Equipment and Support","00009000","D","23661","29383","Audit and Assurance","7.91","Internal Audit"
"Ministry of Defence","Ministry of Defence","Defence Infrastructure Organisation","26677","OF3","48934","58605","Project Management","1.00","Military"
"Ministry of Defence","Ministry of Defence","Army","1167535","D","23661","29383","Training Support","85.31","Operational Delivery"
"Ministry of Defence","Ministry of Defence","Navy Command","1105340","E1","18554","22345","Reporting and Controls","2.00","Finance"
"Ministry of Defence","Ministry of Defence","Head Office and Corporate Services","00155792","B2","48421","60130","Operational Analysis","3.00","Planning"
"Ministry of Defence","Ministry of Defence","Royal Air Force Air Command","1017733","Skill Zone 3","18190","22372","Technical [Trades]","1.00","Science and Engineering"
"Ministry of Defence","Ministry of Defence","Defence Equipment and Support","00009000","D","23661","29383","Business Management","91.83","Operational Delivery"
"Ministry of Defence","Ministry of Defence","Defence Infrastructure Organisation","26677","OF2","38848","46199","Training Area Support (provison of safe place to train)","3.00","Military"
"Ministry of Defence","Ministry of Defence","Army","1167535","D","23661","29383","Transaction Processing","63.43","Finance"
"Ministry of Defence","Ministry of Defence","Navy Command","1105340","E1","18554","22345","Science & Engineering policy","1.60","Science and Engineering"
"Ministry of Defence","Ministry of Defence","Head Office and Corporate Services","00155792","C1","36004","44711","Finance","3.00","Other"
"Ministry of Defence","Ministry of Defence","Royal Air Force Air Command","1017733","Skill Zone 3","18190","22372","Technical [Trades]","1.00","Science and Engineering"
"Ministry of Defence","Ministry of Defence","Defence Equipment and Support","00009000","D","23661","29383","Civilian HR Expert","1.81","Human Resources"
"Ministry of Defence","Ministry of Defence","Defence Infrastructure Organisation","26677","OF2","38848","46199","Overseas Estate Support Functions","7.00","Military"
"Ministry of Defence","Ministry of Defence","Army","1167535","D","23661","29383","Transport & Movement","27.90","Operational Delivery"
"Ministry of Defence","Ministry of Defence","Navy Command","1105340","E1","18554","22345","Secretarial","49.36","Operational Delivery"
"Ministry of Defence","Ministry of Defence","Head Office and Corporate Services","00155792","E1","18554","22345","Personal Secretary","1.00","Planning"
"Ministry of Defence","Ministry of Defence","Royal Air Force Air Command","1017733","Skill Zone 3","18190","22372","Technical [Trades]","1.00","Science and Engineering"
"Ministry of Defence","Ministry of Defence","Defence Equipment and Support","00009000","D","23661","29383","Civilian HR Service Provider","1.00","Human Resources"
"Ministry of Defence","Ministry of Defence","Defence Infrastructure Organisation","26677","OR9","39548","47902","Training Area Support (provison of safe place to train)","12.00","Military"
"Ministry of Defence","Ministry of Defence","Army","1167535","D MSF","23661","29383","Administrative Support","4.00","Operational Delivery"
"Ministry of Defence","Ministry of Defence","Navy Command","1105340","E1","18554","22345","Secretariat & Private Office","4.00","Operational Delivery"
"Ministry of Defence","Ministry of Defence","Head Office and Corporate Services","00155792","OF3","48934","58605","Finance Resources and Plans","2.00","Military"
"Ministry of Defence","Ministry of Defence","Royal Air Force Air Command","1017733","Skill Zone 3","18190","22372","Technical [Trades]","1.00","Science and Engineering"
"Ministry of Defence","Ministry of Defence","Defence Equipment and Support","00009000","D","23661","29383","Civilian Training","1.00","Operational Delivery"
"Ministry of Defence","Ministry of Defence","Defence Infrastructure Organisation","26677","OR9","39548","47902","Overseas Estate Support Functions","6.00","Military"
"Ministry of Defence","Ministry of Defence","Army","1167535","D MSF","23661","29383","Audit and Assurance","1.00","Internal Audit"
"Ministry of Defence","Ministry of Defence","Navy Command","1105340","E1","18554","22345","Security Management","3.00","Operational Delivery"
"Ministry of Defence","Ministry of Defence","Head Office and Corporate Services","00155792","OF4","68679","79524","Finance Resources and Plans","4.00","Military"
"Ministry of Defence","Ministry of Defence","Royal Air Force Air Command","1017733","Skill Zone 3","18190","22372","Technical [Trades]","2.00","Science and Engineering"
"Ministry of Defence","Ministry of Defence","Defence Equipment and Support","00009000","D","23661","29383","Combat Systems Engineering","6.00","Science and Engineering"
"Ministry of Defence","Ministry of Defence","Defence Infrastructure Organisation","26677","OR8","34039","44315","Catering","2.00","Military"
"Ministry of Defence","Ministry of Defence","Army","1167535","D MSF","23661","29383","Business Management","15.00","Operational Delivery"
"Ministry of Defence","Ministry of Defence","Navy Command","1105340","E1","18554","22345","Security Support","6.53","Operational Delivery"
"Ministry of Defence","Ministry of Defence","Head Office and Corporate Services","00155792","OF5","83205","91466","Finance Resources and Plans","2.00","Military"
"Ministry of Defence","Ministry of Defence","Royal Air Force Air Command","1017733","Skill Zone 3","18190","22372","Transport & Movement","3.00","Operational Delivery"
"Ministry of Defence","Ministry of Defence","Defence Equipment and Support","00009000","D","23661","29383","Commercial Analysis","1.00","Procurement"
"Ministry of Defence","Ministry of Defence","Defence Infrastructure Organisation","26677","OR8","34039","44315","Training Area Support (provison of safe place to train)","26.00","Military"
"Ministry of Defence","Ministry of Defence","Army","1167535","D MSF","23661","29383","Community Service","1.00","Operational Delivery"
"Ministry of Defence","Ministry of Defence","Navy Command","1105340","E1","18554","22345","Service HR Expert","0.67","Human Resources"
"Ministry of Defence","Ministry of Defence","Head Office and Corporate Services","00155792","OF3","48934","58605","Military Assistant","1.00","Military"
"Ministry of Defence","Ministry of Defence","Royal Air Force Air Command","1017733","Skill Zone 3","18190","22372","Transport & Movement","1.00","Operational Delivery"
"Ministry of Defence","Ministry of Defence","Defence Equipment and Support","00009000","D","23661","29383","Commercial Operations","79.38","Procurement"
"Ministry of Defence","Ministry of Defence","Defence Infrastructure Organisation","26677","OR7","34039","44315","Overseas Estate Support Functions","15.00","Military"
"Ministry of Defence","Ministry of Defence","Army","1167535","D MSF","23661","29383","Direct Military Support","29.00","Operational Delivery"
"Ministry of Defence","Ministry of Defence","Navy Command","1105340","E1","18554","22345","Service HR Service Provider","5.62","Human Resources"
"Ministry of Defence","Ministry of Defence","Head Office and Corporate Services","00155792","OF4","68679","79524","Senior Staff Outer Office","1.00","Military"
"Ministry of Defence","Ministry of Defence","Royal Air Force Air Command","1017733","Skill Zone 3","18190","22372","WOME Production","9.00","Science and Engineering"
"Ministry of Defence","Ministry of Defence","Defence Equipment and Support","00009000","D","23661","29383","Configuration Management","4.00","Planning"
"Ministry of Defence","Ministry of Defence","Defence Infrastructure Organisation","26677","OR7","34039","44315","Training Area Support (provison of safe place to train)","7.00","Military"
"Ministry of Defence","Ministry of Defence","Army","1167535","D MSF","23661","29383","HR Leader","1.00","Human Resources"
"Ministry of Defence","Ministry of Defence","Navy Command","1105340","E1","18554","22345","Site Estate","1.00","Property and asset management"
"Ministry of Defence","Ministry of Defence","Head Office and Corporate Services","00155792","E1","18554","22345","Senior Staff Outer Office","1.00","Other"
"Ministry of Defence","Ministry of Defence","Royal Air Force Air Command","1017733","Skill Zone 2","16647","18190","Business Management","1.00","Operational Delivery"
"Ministry of Defence","Ministry of Defence","Defence Equipment and Support","00009000","D","23661","29383","Contract Perf Meas & Mgnt","78.93","Procurement"
"Ministry of Defence","Ministry of Defence","Defence Infrastructure Organisation","26677","OR6","30750","37836","Training Area Support (provison of safe place to train)","7.00","Military"
"Ministry of Defence","Ministry of Defence","Army","1167535","D MSF","23661","29383","Information Technology","2.00","Information Technology"
"Ministry of Defence","Ministry of Defence","Navy Command","1105340","E1","18554","22345","Soft Facilities Management","5.00","Property and asset management"
"Ministry of Defence","Ministry of Defence","Head Office and Corporate Services","00155792","OF5","83205","91466","Capability Management","1.00","Military"
"Ministry of Defence","Ministry of Defence","Royal Air Force Air Command","1017733","Skill Zone 2","16647","18190","Community Service","1.00","Operational Delivery"
"Ministry of Defence","Ministry of Defence","Defence Equipment and Support","00009000","D","23661","29383","Customer Services","5.75","Operational Delivery"
"Ministry of Defence","Ministry of Defence","Defence Infrastructure Organisation","26677","OR6","30750","37836","Overseas Estate Support Functions","4.00","Military"
"Ministry of Defence","Ministry of Defence","Army","1167535","D MSF","23661","29383","Inventory Management","0.94","Operational Delivery"
"Ministry of Defence","Ministry of Defence","Navy Command","1105340","E1","18554","22345","Statistical Analysis","0.37","Statisticians"
"Ministry of Defence","Ministry of Defence","Head Office and Corporate Services","00155792","OF4","68679","79524","Capability Management","3.00","Military"
"Ministry of Defence","Ministry of Defence","Royal Air Force Air Command","1017733","Skill Zone 2","16647","18190","Driving","1.00","Operational Delivery"
"Ministry of Defence","Ministry of Defence","Defence Equipment and Support","00009000","D","23661","29383","Decision Support","166.42","Finance"
"Ministry of Defence","Ministry of Defence","Defence Infrastructure Organisation","26677","OR6","30750","37836","Administrative Support","1.00","Military"
"Ministry of Defence","Ministry of Defence","Army","1167535","D MSF","23661","29383","Knowledge Info Management","1.00","Knowledge and Information Management (KIM)"
"Ministry of Defence","Ministry of Defence","Navy Command","1105340","E1","18554","22345","Storekeeping/WarehouseOps","1.54","Operational Delivery"
"Ministry of Defence","Ministry of Defence","Head Office and Corporate Services","00155792","C1","36004","44711","Capability Management","1.00","Other"
"Ministry of Defence","Ministry of Defence","Royal Air Force Air Command","1017733","Skill Zone 2","16647","18190","Driving","47.00","Operational Delivery"
"Ministry of Defence","Ministry of Defence","Defence Equipment and Support","00009000","D","23661","29383","Design and Imagery","4.00","Communications"
"Ministry of Defence","Ministry of Defence","Defence Infrastructure Organisation","26677","OR4","27054","33998","Catering","1.00","Military"
"Ministry of Defence","Ministry of Defence","Army","1167535","D MSF","23661","29383","Protocol & Visits","1.00","Policy"
"Ministry of Defence","Ministry of Defence","Navy Command","1105340","E1","18554","22345","Teaching","4.00","Operational Delivery"
"Ministry of Defence","Ministry of Defence","Head Office and Corporate Services","00155792","C2","29551","36696","Capability Management","1.00","Other"
"Ministry of Defence","Ministry of Defence","Royal Air Force Air Command","1017733","Skill Zone 2","16647","18190","Logistics [Trades]","2.00","Operational Delivery"
"Ministry of Defence","Ministry of Defence","Defence Equipment and Support","00009000","D","23661","29383","Driving","1.00","Operational Delivery"
"Ministry of Defence","Ministry of Defence","Defence Infrastructure Organisation","26677","OR4","27054","33998","Trainer","1.00","Military"
"Ministry of Defence","Ministry of Defence","Army","1167535","D MSF","23661","29383","Service HR Expert","1.00","Human Resources"
"Ministry of Defence","Ministry of Defence","Navy Command","1105340","E1","18554","22345","Technical [Trades]","5.60","Science and Engineering"
"Ministry of Defence","Ministry of Defence","Head Office and Corporate Services","00155792","E1","18554","22345","Capability Management","1.00","Other"
"Ministry of Defence","Ministry of Defence","Royal Air Force Air Command","1017733","Skill Zone 2","16647","18190","Material Accounting","1.00","Operational Delivery"
"Ministry of Defence","Ministry of Defence","Defence Equipment and Support","00009000","D","23661","29383","E-Communcations","2.00","Communications"
"Ministry of Defence","Ministry of Defence","Defence Infrastructure Organisation","26677","OR4","27054","33998","Overseas Estate Support Functions","1.00","Military"
"Ministry of Defence","Ministry of Defence","Army","1167535","D MSF","23661","29383","Service HR Service Provider","5.00","Human Resources"
"Ministry of Defence","Ministry of Defence","Navy Command","1105340","E1","18554","22345","Through Life Support","2.00","Operational Delivery"
"Ministry of Defence","Ministry of Defence","Head Office and Corporate Services","00155792","B2","48421","60130","Capability Management","1.00","Other"
"Ministry of Defence","Ministry of Defence","Royal Air Force Air Command","1017733","Skill Zone 2","16647","18190","Range Management","1.00","Property and asset management"
"Ministry of Defence","Ministry of Defence","Defence Equipment and Support","00009000","D","23661","29383","Employee Representative","1.50","Human Resources"
"Ministry of Defence","Ministry of Defence","Defence Infrastructure Organisation","26677","OF5","83205","91466","Overseas Estate Support Functions","1.00","Military"
"Ministry of Defence","Ministry of Defence","Army","1167535","D MSF","23661","29383","Training Support","1.00","Operational Delivery"
"Ministry of Defence","Ministry of Defence","Navy Command","1105340","E1","18554","22345","Training Support","2.59","Operational Delivery"
"Ministry of Defence","Ministry of Defence","Head Office and Corporate Services","00155792","D","23661","29383","Executive Assistant","1.00","Other"
"Ministry of Defence","Ministry of Defence","Royal Air Force Air Command","1017733","Skill Zone 2","16647","18190","Range Management","1.00","Property and asset management"
"Ministry of Defence","Ministry of Defence","Defence Equipment and Support","00009000","D","23661","29383","EnvironmentalManagementAssessm","2.00","Operational Delivery"
"Ministry of Defence","Ministry of Defence","Defence Infrastructure Organisation","26677","OF4","68679","79524","Overseas Estate Support Functions","1.00","Military"
"Ministry of Defence","Ministry of Defence","Army","1167535","D MSF","23661","29383","Transaction Processing","0.81","Finance"
"Ministry of Defence","Ministry of Defence","Navy Command","1105340","E1","18554","22345","Transport & Movement","20.03","Operational Delivery"
"Ministry of Defence","Ministry of Defence","Head Office and Corporate Services","00155792","B1","57000","72907","Capability Management","1.00","Planning"
"Ministry of Defence","Ministry of Defence","Royal Air Force Air Command","1017733","Skill Zone 2","16647","18190","Site Estate","1.00","Property and asset management"
"Ministry of Defence","Ministry of Defence","Defence Equipment and Support","00009000","D","23661","29383","Estates Management","1.00","Property and asset management"
"Ministry of Defence","Ministry of Defence","Defence Infrastructure Organisation","26677","OR9","39548","47902","Catering","1.00","Military"
"Ministry of Defence","Ministry of Defence","Army","1167535","D of Studies (RMAS/BRNC)","70103","72907","Business Management","1.00","Operational Delivery"
"Ministry of Defence","Ministry of Defence","Navy Command","1105340","E1","18554","22345","WOME Production","1.00","Science and Engineering"
"Ministry of Defence","Ministry of Defence","Head Office and Corporate Services","00155792","C1","36004","44711","Capability Management","1.00","Planning"
"Ministry of Defence","Ministry of Defence","Royal Air Force Air Command","1017733","Skill Zone 2","16647","18190","Site Estate","1.00","Property and asset management"
"Ministry of Defence","Ministry of Defence","Defence Equipment and Support","00009000","D","23661","29383","External Communications","1.00","Communications"
"Ministry of Defence","Ministry of Defence","Defence Infrastructure Organisation","26677","OR8","34039","44315","Overseas Estate Support Functions","7.00","Military"
"Ministry of Defence","Ministry of Defence","Army","1167535","D TTO","23427","32743","Information Technology","2.00","Information Technology"
"Ministry of Defence","Ministry of Defence","Navy Command","1105340","E2","15779","19003","Administrative Support","94.99","Operational Delivery"
"Ministry of Defence","Ministry of Defence","Royal Air Force Air Command","1017733","Skill Zone 2","16647","18190","Site Estate","1.00","Property and asset management"
"Ministry of Defence","Ministry of Defence","Defence Equipment and Support","00009000","D","23661","29383","Geospatial Analyst","3.00","Operational Delivery"
"Ministry of Defence","Ministry of Defence","Defence Infrastructure Organisation","26677","OF5","83205","91466","Project Management","4.00","Military"
"Ministry of Defence","Ministry of Defence","Head Office and Corporate Services","00005654","Assistant Chief Constable (Police)","87335","101563","Security","1.00","Other"
"Ministry of Defence","Ministry of Defence","Army","1167535","Dep Head Teacher 6","37460","76409","Teaching","3.24","Operational Delivery"
"Ministry of Defence","Ministry of Defence","Navy Command","1105340","E2","15779","19003","Business Management","1.00","Operational Delivery"
"Ministry of Defence","Ministry of Defence","Royal Air Force Air Command","1017733","Skill Zone 2","16647","18190","Soft Facilities Management","8.00","Property and asset management"
"Ministry of Defence","Ministry of Defence","Defence Equipment and Support","00009000","D","23661","29383","Information Technology","54.25","Information Technology"
"Ministry of Defence","Ministry of Defence","Defence Infrastructure Organisation","26677","OF4","68679","79524","Project Management","2.00","Military"
"Ministry of Defence","Ministry of Defence","Head Office and Corporate Services","00005654","Ch Supt MDP","71381","75451","Security","3.00","Other"
"Ministry of Defence","Ministry of Defence","Army","1167535","Dep Head Teacher 6","37460","76409","Teaching L'ship","29.16","Operational Delivery"
"Ministry of Defence","Ministry of Defence","Navy Command","1105340","E2","15779","19003","Design and Imagery","2.64","Communications"
"Ministry of Defence","Ministry of Defence","Royal Air Force Air Command","1017733","Skill Zone 2","16647","18190","Soft Facilities Management","5.21","Property and asset management"
"Ministry of Defence","Ministry of Defence","Defence Equipment and Support","00009000","D","23661","29383","Internal Communications","1.00","Communications"
"Ministry of Defence","Ministry of Defence","Defence Infrastructure Organisation","26677","OF4","68679","79524","Estate Planning","2.00","Military"
"Ministry of Defence","Ministry of Defence","Head Office and Corporate Services","00005654","Supt MDP","59766","69645","Security","13.00","Other"
"Ministry of Defence","Ministry of Defence","Army","1167535","Div YC Off","39120","47731","Community Development Work","3.00","Operational Delivery"
"Ministry of Defence","Ministry of Defence","Navy Command","1105340","E2","15779","19003","Information Technology","1.00","Information Technology"
"Ministry of Defence","Ministry of Defence","Royal Air Force Air Command","1017733","Skill Zone 3","18190","22372","Storekeeping/WarehouseOps","1.00","Operational Delivery"
"Ministry of Defence","Ministry of Defence","Defence Equipment and Support","00009000","D","23661","29383","Inventory Management","247.74","Operational Delivery"
"Ministry of Defence","Ministry of Defence","Defence Infrastructure Organisation","26677","OF4","68679","79524","Customer Services","1.00","Military"
"Ministry of Defence","Ministry of Defence","Head Office and Corporate Services","00005654","Ch Insp MDP","49200","52061","Security","38.00","Other"
"Ministry of Defence","Ministry of Defence","Army","1167535","Div YC Off","39120","47731","Community Service","1.00","Operational Delivery"
"Ministry of Defence","Ministry of Defence","Navy Command","1105340","E2","15779","19003","Inventory Management","0.54","Operational Delivery"
"Ministry of Defence","Ministry of Defence","Royal Air Force Air Command","1017733","Skill Zone 3","18190","22372","Storekeeping/WarehouseOps","188.91","Operational Delivery"
"Ministry of Defence","Ministry of Defence","Defence Equipment and Support","00009000","D","23661","29383","Investigative Accounting","6.64","Finance"
"Ministry of Defence","Ministry of Defence","Defence Infrastructure Organisation","26677","OF4","68679","79524","Catering","1.00","Military"
"Ministry of Defence","Ministry of Defence","Head Office and Corporate Services","00005654","Insp MDP","44449","48213","Security","79.00","Other"
"Ministry of Defence","Ministry of Defence","Army","1167535","E1","18554","22345","Administrative Support","1622.84","Operational Delivery"
"Ministry of Defence","Ministry of Defence","Navy Command","1105340","E2","15779","19003","Knowledge Info Management","1.67","Knowledge and Information Management (KIM)"
"Ministry of Defence","Ministry of Defence","Royal Air Force Air Command","1017733","Skill Zone 1","15234","16647","Technical [Trades]","3.00","Science and Engineering"
"Ministry of Defence","Ministry of Defence","Defence Equipment and Support","00009000","D","23661","29383","Knowledge Info Management","41.41","Knowledge and Information Management (KIM)"
"Ministry of Defence","Ministry of Defence","Defence Infrastructure Organisation","26677","OF3","48934","58605","Catering","3.00","Military"
"Ministry of Defence","Ministry of Defence","Head Office and Corporate Services","00005654","PSgt MDP","34693","41717","Security","361.00","Other"
"Ministry of Defence","Ministry of Defence","Army","1167535","E1","18554","22345","AeroEng(Aero/Struct/Mech)","1.00","Science and Engineering"
"Ministry of Defence","Ministry of Defence","Navy Command","1105340","E2","15779","19003","Logistics [Trades]","1.00","Operational Delivery"
"Ministry of Defence","Ministry of Defence","Royal Air Force Air Command","1017733","Skill Zone 2","16647","18190","Technical [Trades]","1.00","Science and Engineering"
"Ministry of Defence","Ministry of Defence","Defence Equipment and Support","00009000","D","23661","29383","Land Systems Eng (Weapons)","1.00","Science and Engineering"
"Ministry of Defence","Ministry of Defence","Defence Infrastructure Organisation","26677","OR7","34039","44315","Accountant","1.00","Military"
"Ministry of Defence","Ministry of Defence","Head Office and Corporate Services","00005654","Constable MDP","22096","34693","Security","1960.00","Other"
"Ministry of Defence","Ministry of Defence","Army","1167535","E1","18554","22345","Audit and Assurance","5.00","Internal Audit"
"Ministry of Defence","Ministry of Defence","Navy Command","1105340","E2","15779","19003","Marine Policing (MDP)","0.67","Operational Delivery"
"Ministry of Defence","Ministry of Defence","Royal Air Force Air Command","1017733","Skill Zone 2","16647","18190","Technical [Trades]","1.00","Science and Engineering"
"Ministry of Defence","Ministry of Defence","Defence Equipment and Support","00009000","D","23661","29383","Logistics [Trades]","4.00","Operational Delivery"
"Ministry of Defence","Ministry of Defence","Defence Infrastructure Organisation","26677","OF5","83205","91466","Programme Management","3.00","Military"
"Ministry of Defence","Ministry of Defence","Head Office and Corporate Services","00005654","C1","36004","44711","Security","0.00","Other"
"Ministry of Defence","Ministry of Defence","Army","1167535","E1","18554","22345","Business Management","28.44","Operational Delivery"
"Ministry of Defence","Ministry of Defence","Navy Command","1105340","E2","15779","19003","Obsolete Security","0.54","Operational Delivery"
"Ministry of Defence","Ministry of Defence","Royal Air Force Air Command","1017733","Skill Zone 2","16647","18190","Technical [Trades]","0.48","Science and Engineering"
"Ministry of Defence","Ministry of Defence","Defence Equipment and Support","00009000","D","23661","29383","Logistics Management","2.60","Operational Delivery"
"Ministry of Defence","Ministry of Defence","Defence Infrastructure Organisation","26677","OF3","48934","58605","Programme Management","7.00","Military"
"Ministry of Defence","Ministry of Defence","Head Office and Corporate Services","00005654","C2","29551","36696","Security","9.00","Other"
"Ministry of Defence","Ministry of Defence","Army","1167535","E1","18554","22345","Case Assessment","2.00","Operational Delivery"
"Ministry of Defence","Ministry of Defence","Navy Command","1105340","E2","15779","19003","Port Operations","1.00","Operational Delivery"
"Ministry of Defence","Ministry of Defence","Royal Air Force Air Command","1017733","Skill Zone 2","16647","18190","Training Support","2.00","Operational Delivery"
"Ministry of Defence","Ministry of Defence","Defence Equipment and Support","00009000","D","23661","29383","Marine Engineering","28.20","Science and Engineering"
"Ministry of Defence","Ministry of Defence","Defence Infrastructure Organisation","26677","OF5","83205","91466","Strategic Planner","1.00","Military"
"Ministry of Defence","Ministry of Defence","Head Office and Corporate Services","00005654","D","23661","29383","Security","18.00","Other"
"Ministry of Defence","Ministry of Defence","Army","1167535","E1","18554","22345","Civilian HR Service Provider","6.00","Human Resources"
"Ministry of Defence","Ministry of Defence","Navy Command","1105340","E2","15779","19003","Secretarial","4.69","Operational Delivery"
"Ministry of Defence","Ministry of Defence","Royal Air Force Air Command","1017733","Skill Zone 2","16647","18190","Driving","2.54","Operational Delivery"
"Ministry of Defence","Ministry of Defence","Defence Equipment and Support","00009000","D","23661","29383","Material Accounting","7.00","Operational Delivery"
"Ministry of Defence","Ministry of Defence","Defence Infrastructure Organisation","26677","OF4","68679","79524","Strategic Planner","1.00","Military"
"Ministry of Defence","Ministry of Defence","Head Office and Corporate Services","00005654","E1","18554","22345","Security","69.00","Other"
"Ministry of Defence","Ministry of Defence","Army","1167535","E1","18554","22345","Community Development Work","2.00","Operational Delivery"
"Ministry of Defence","Ministry of Defence","Navy Command","1105340","E2","15779","19003","Security Management","1.00","Operational Delivery"
"Ministry of Defence","Ministry of Defence","Royal Air Force Air Command","1017733","Skill Zone 1","15234","16647","Material Accounting","0.54","Operational Delivery"
"Ministry of Defence","Ministry of Defence","Defence Equipment and Support","00009000","D","23661","29383","Medical Technical","1.00","Medicine"
"Ministry of Defence","Ministry of Defence","Defence Infrastructure Organisation","26677","OF4","68679","79524","Infrastructure Planner","3.00","Military"
"Ministry of Defence","Ministry of Defence","Head Office and Corporate Services","00005654","E2","15779","19003","Security","1.00","Other"
"Ministry of Defence","Ministry of Defence","Army","1167535","E1","18554","22345","Community Service","42.10","Operational Delivery"
"Ministry of Defence","Ministry of Defence","Navy Command","1105340","E2","15779","19003","Security Support","6.08","Operational Delivery"
"Ministry of Defence","Ministry of Defence","Royal Air Force Air Command","1017733","Skill Zone 1","15234","16647","Postal & Courier","6.00","Operational Delivery"
"Ministry of Defence","Ministry of Defence","Defence Equipment and Support","00009000","D","23661","29383","Naval Architecture","1.00","Science and Engineering"
"Ministry of Defence","Ministry of Defence","Defence Infrastructure Organisation","26677","OF3","48934","58605","Site Estate","2.00","Military"
"Ministry of Defence","Ministry of Defence","Head Office and Corporate Services","00005654","Skill Zone 2","16647","18190","Security","22.00","Other"
"Ministry of Defence","Ministry of Defence","Army","1167535","E1","18554","22345","Customer Services","1.81","Operational Delivery"
"Ministry of Defence","Ministry of Defence","Navy Command","1105340","E2","15779","19003","Service HR Service Provider","0.81","Human Resources"
"Ministry of Defence","Ministry of Defence","Royal Air Force Air Command","1017733","Skill Zone 1","15234","16647","Range Management","9.61","Property and asset management"
"Ministry of Defence","Ministry of Defence","Defence Equipment and Support","00009000","D","23661","29383","Nuclear Propulsion","5.00","Science and Engineering"
"Ministry of Defence","Ministry of Defence","Defence Infrastructure Organisation","26677","OF2","38848","46199","Infrastructure Planner","7.00","Military"
"Ministry of Defence","Ministry of Defence","Head Office and Corporate Services","00005654","Insp MDP","44449","48213","Security","2.00","Other"
"Ministry of Defence","Ministry of Defence","Army","1167535","E1","18554","22345","Decision Support","22.42","Finance"
"Ministry of Defence","Ministry of Defence","Navy Command","1105340","E2","15779","19003","Soft Facilities Management","1.00","Property and asset management"
"Ministry of Defence","Ministry of Defence","Royal Air Force Air Command","1017733","Skill Zone 1","15234","16647","Site Estate","31.00","Property and asset management"
"Ministry of Defence","Ministry of Defence","Defence Equipment and Support","00009000","D","23661","29383","Nuclear Weapons","1.00","Science and Engineering"
"Ministry of Defence","Ministry of Defence","Defence Infrastructure Organisation","26677","OF1","16468","33507","Infrastructure Planner","3.00","Military"
"Ministry of Defence","Ministry of Defence","Head Office and Corporate Services","00005654","PSgt MDP","34693","41717","Security","1.00","Other"
"Ministry of Defence","Ministry of Defence","Army","1167535","E1","18554","22345","Design and Imagery","17.81","Communications"
"Ministry of Defence","Ministry of Defence","Navy Command","1105340","E2","15779","19003","Storekeeping/WarehouseOps","0.59","Operational Delivery"
"Ministry of Defence","Ministry of Defence","Royal Air Force Air Command","1017733","Skill Zone 1","15234","16647","Site Estate","1.00","Property and asset management"
"Ministry of Defence","Ministry of Defence","Defence Equipment and Support","00009000","D","23661","29383","Obsolete Security","6.00","Operational Delivery"
"Ministry of Defence","Ministry of Defence","Defence Infrastructure Organisation","26677","OR8","34039","44315","Accountant","2.00","Military"
"Ministry of Defence","Ministry of Defence","Head Office and Corporate Services","00005654","Constable MDP","22096","34693","Security","5.00","Other"
"Ministry of Defence","Ministry of Defence","Army","1167535","E1","18554","22345","Direct Military Support","2.00","Operational Delivery"
"Ministry of Defence","Ministry of Defence","Navy Command","1105340","E2","15779","19003","Transport & Movement","2.00","Operational Delivery"
"Ministry of Defence","Ministry of Defence","Royal Air Force Air Command","1017733","Skill Zone 1","15234","16647","Site Estate","29.37","Property and asset management"
"Ministry of Defence","Ministry of Defence","Defence Equipment and Support","00009000","D","23661","29383","Performance Management","9.26","Internal Audit"
"Ministry of Defence","Ministry of Defence","Defence Infrastructure Organisation","26677","OR6","30750","37836","Facilities Management","1.00","Military"
"Ministry of Defence","Ministry of Defence","Head Office and Corporate Services","00005654","B2","48421","60130","Security","1.00","Other"
"Ministry of Defence","Ministry of Defence","Army","1167535","E1","18554","22345","Driving","1.00","Operational Delivery"
"Ministry of Defence","Ministry of Defence","Navy Command","1105340","Fast Stream Grade Band C1","36004","44711","Programme Management","1.00","Programme and Project Management (PPM)"
"Ministry of Defence","Ministry of Defence","Royal Air Force Air Command","1017733","Skill Zone 1","15234","16647","Site Estate","1.00","Property and asset management"
"Ministry of Defence","Ministry of Defence","Defence Equipment and Support","00009000","D","23661","29383","Photography","1.00","Communications"
"Ministry of Defence","Ministry of Defence","Defence Infrastructure Organisation","26677","OF3","48934","58605","Facilities Management","4.00","Military"
"Ministry of Defence","Ministry of Defence","Head Office and Corporate Services","00005654","C1","36004","44711","Security","5.00","Other"
"Ministry of Defence","Ministry of Defence","Army","1167535","E1","18554","22345","E-Communcations","2.00","Communications"
"Ministry of Defence","Ministry of Defence","Navy Command","1105340","Grade 7 (Health Physicist)","62881","62881","Business Management","1.00","Operational Delivery"
"Ministry of Defence","Ministry of Defence","Royal Air Force Air Command","1017733","Skill Zone 1","15234","16647","Soft Facilities Management","2.70","Property and asset management"
"Ministry of Defence","Ministry of Defence","Defence Equipment and Support","00009000","D","23661","29383","Policy Advisor","8.64","Policy"
"Ministry of Defence","Ministry of Defence","Defence Infrastructure Organisation","26677","OF3","48934","58605","Estate Planning","1.00","Military"
"Ministry of Defence","Ministry of Defence","Head Office and Corporate Services","00005654","C2","29551","36696","Security","22.00","Other"
"Ministry of Defence","Ministry of Defence","Army","1167535","E1","18554","22345","Energy Management","1.00","Operational Delivery"
"Ministry of Defence","Ministry of Defence","Navy Command","1105340","HPTO (Health Physicist)","45838","45838","Nuclear Propulsion","4.00","Science and Engineering"
"Ministry of Defence","Ministry of Defence","Royal Air Force Air Command","1017733","Skill Zone 1","15234","16647","Soft Facilities Management","2.00","Property and asset management"
"Ministry of Defence","Ministry of Defence","Defence Equipment and Support","00009000","D","23661","29383","Postal & Courier","16.79","Operational Delivery"
"Ministry of Defence","Ministry of Defence","Defence Infrastructure Organisation","26677","OR4","27054","33998","Training Area Support (provison of safe place to train)","3.00","Military"
"Ministry of Defence","Ministry of Defence","Head Office and Corporate Services","00005654","D","23661","29383","Security","23.00","Other"
"Ministry of Defence","Ministry of Defence","Army","1167535","E1","18554","22345","Housing Service Delivery","2.00","Property and asset management"
"Ministry of Defence","Ministry of Defence","Navy Command","1105340","HPTO (Health Physicist)","45838","45838","Safety Management","1.00","Operational Delivery"
"Ministry of Defence","Ministry of Defence","Royal Air Force Air Command","1017733","Skill Zone 1","15234","16647","Soft Facilities Management","1.54","Property and asset management"
"Ministry of Defence","Ministry of Defence","Defence Equipment and Support","00009000","D","23661","29383","Programme Management","9.75","Programme and Project Management (PPM)"
"Ministry of Defence","Ministry of Defence","Defence Infrastructure Organisation","26677","OR3","17945","29651","Training Area Support (provison of safe place to train)","2.00","Military"
"Ministry of Defence","Ministry of Defence","Head Office and Corporate Services","00005654","E1","18554","22345","Security","16.00","Other"
"Ministry of Defence","Ministry of Defence","Army","1167535","E1","18554","22345","Information Technology","38.87","Information Technology"
"Ministry of Defence","Ministry of Defence","Navy Command","1105340","Instr Profr of Music (Eng) - 2821","45334","45334","Teaching","0.94","Operational Delivery"
"Ministry of Defence","Ministry of Defence","Royal Air Force Air Command","1017733","Skill Zone 1","15234","16647","Soft Facilities Management","6.67","Property and asset management"
"Ministry of Defence","Ministry of Defence","Defence Equipment and Support","00009000","D","23661","29383","Project Management","105.76","Programme and Project Management (PPM)"
"Ministry of Defence","Ministry of Defence","Defence Infrastructure Organisation","26677","OR7","34039","44315","Trainer","1.00","Military"
"Ministry of Defence","Ministry of Defence","Head Office and Corporate Services","00005654","E2","15779","19003","Security","0.00","Other"
"Ministry of Defence","Ministry of Defence","Army","1167535","E1","18554","22345","Internal Communications","0.81","Communications"
"Ministry of Defence","Ministry of Defence","Navy Command","1105340","Instr Profr of Music (Eng) - 2821","45334","45334","Training Support","3.84","Operational Delivery"
"Ministry of Defence","Ministry of Defence","Royal Air Force Air Command","1017733","Skill Zone 1","15234","16647","Soft Facilities Management","12.54","Property and asset management"
"Ministry of Defence","Ministry of Defence","Defence Equipment and Support","00009000","D","23661","29383","Quality Management","8.00","Programme and Project Management (PPM)"
"Ministry of Defence","Ministry of Defence","Defence Infrastructure Organisation","26677","OR7","34039","44315","Catering","1.00","Military"
"Ministry of Defence","Ministry of Defence","Head Office and Corporate Services","00005654","Skill Zone 2","16647","18190","Security","1.00","Other"
"Ministry of Defence","Ministry of Defence","Army","1167535","E1","18554","22345","Inventory Management","23.00","Operational Delivery"
"Ministry of Defence","Ministry of Defence","Navy Command","1105340","JNC Lvl 2 (Youth Worker) 2-10","21525","28461","Community Service","2.00","Operational Delivery"
"Ministry of Defence","Ministry of Defence","Royal Air Force Air Command","1017733","Skill Zone 1","15234","16647","Soft Facilities Management","0.52","Property and asset management"
"Ministry of Defence","Ministry of Defence","Defence Equipment and Support","00009000","D","23661","29383","Reporting and Controls","9.71","Finance"
"Ministry of Defence","Ministry of Defence","Defence Infrastructure Organisation","26677","OF4","68679","79524","Facilities Management","5.00","Military"
"Ministry of Defence","Ministry of Defence","Head Office and Corporate Services","00005654","Ch Insp MDP","49200","52061","Security","1.00","Other"
"Ministry of Defence","Ministry of Defence","Army","1167535","E1","18554","22345","Knowledge Info Management","34.78","Knowledge and Information Management (KIM)"
"Ministry of Defence","Ministry of Defence","Navy Command","1105340","JNC Lvl 3 (Youth Worker) 2-5","30219","32847","Community Service","1.00","Operational Delivery"
"Ministry of Defence","Ministry of Defence","Royal Air Force Air Command","1017733","Skill Zone 1","15234","16647","Storekeeping/WarehouseOps","1.00","Operational Delivery"
"Ministry of Defence","Ministry of Defence","Defence Equipment and Support","00009000","D","23661","29383","Risk Management","3.70","Programme and Project Management (PPM)"
"Ministry of Defence","Ministry of Defence","Defence Infrastructure Organisation","26677","OR6","30750","37836","Accountant","1.00","Military"
"Ministry of Defence","Ministry of Defence","Head Office and Corporate Services","00005654","B1","57000","72907","Programme Manager","1.00","Programme and Project Management (PPM)"
"Ministry of Defence","Ministry of Defence","Army","1167535","E1","18554","22345","Knowledge Info Management","1.00","Knowledge and Information Management (KIM)"
"Ministry of Defence","Ministry of Defence","Navy Command","1105340","Lecturer - 8909","30136","38172","Teaching","0.72","Operational Delivery"
"Ministry of Defence","Ministry of Defence","Royal Air Force Air Command","1017733","Skill Zone 1","15234","16647","Storekeeping/WarehouseOps","1.54","Operational Delivery"
"Ministry of Defence","Ministry of Defence","Defence Equipment and Support","00009000","D","23661","29383","Safety Management","11.00","Operational Delivery"
"Ministry of Defence","Ministry of Defence","Defence Infrastructure Organisation","26677","OF3","48934","58605","Customer Services","1.00","Military"
"Ministry of Defence","Ministry of Defence","Head Office and Corporate Services","00005654","B2","48421","60130","Programme Management","2.00","Programme and Project Management (PPM)"
"Ministry of Defence","Ministry of Defence","Army","1167535","E1","18554","22345","Logistics [Trades]","2.00","Operational Delivery"
"Ministry of Defence","Ministry of Defence","Navy Command","1105340","Lecturer - 8909","30136","38172","Training Support","1.00","Operational Delivery"
"Ministry of Defence","Ministry of Defence","Royal Air Force Air Command","1017733","Skill Zone 1","15234","16647","Storekeeping/WarehouseOps","1.00","Operational Delivery"
"Ministry of Defence","Ministry of Defence","Defence Equipment and Support","00009000","D","23661","29383","Safety,Health,Enviroment&Fire","11.86","Operational Delivery"
"Ministry of Defence","Ministry of Defence","Head Office and Corporate Services","00005654","C1","36004","44711","Programme Management","2.00","Programme and Project Management (PPM)"
"Ministry of Defence","Ministry of Defence","Army","1167535","E1","18554","22345","Material Accounting","1.00","Operational Delivery"
"Ministry of Defence","Ministry of Defence","Navy Command","1105340","Lecturer - 8909","30136","38172","Legal","0.81","Law"
"Ministry of Defence","Ministry of Defence","Royal Air Force Air Command","1017733","Skill Zone 1","15234","16647","Storekeeping/WarehouseOps","17.00","Operational Delivery"
"Ministry of Defence","Ministry of Defence","Defence Equipment and Support","00009000","D","23661","29383","Salvage and Marine Operations","2.00","Operational Delivery"
"Ministry of Defence","Ministry of Defence","Head Office and Corporate Services","00005654","D","23661","29383","Programme Support Officer","1.00","Programme and Project Management (PPM)"
"Ministry of Defence","Ministry of Defence","Army","1167535","E1","18554","22345","Museum","35.25","Knowledge and Information Management (KIM)"
"Ministry of Defence","Ministry of Defence","Navy Command","1105340","Lecturer - 8909","30136","38172","Medical Assessment","1.00","Medicine"
"Ministry of Defence","Ministry of Defence","Royal Air Force Air Command","1017733","Skill Zone 1","15234","16647","Technical [Trades]","1.00","Science and Engineering"
"Ministry of Defence","Ministry of Defence","Defence Equipment and Support","00009000","D","23661","29383","Science & Engineering policy","1.00","Science and Engineering"
"Ministry of Defence","Ministry of Defence","Head Office and Corporate Services","00005654","E1","18554","22345","Secretarial","1.00","Other"
"Ministry of Defence","Ministry of Defence","Army","1167535","E1","18554","22345","Obsolete Security","33.94","Operational Delivery"
"Ministry of Defence","Ministry of Defence","Navy Command","1105340","MSO 1 (in Port Group) - 9543","47942","53158","Port Operations","2.64","Operational Delivery"
"Ministry of Defence","Ministry of Defence","Royal Air Force Air Command","1017733","Skill Zone 1","15234","16647","Technical [Trades]","4.00","Science and Engineering"
"Ministry of Defence","Ministry of Defence","Defence Equipment and Support","00009000","D","23661","29383","Secretarial","30.97","Operational Delivery"
"Ministry of Defence","Ministry of Defence","Head Office and Corporate Services","00005654","B1","57000","72907","Reporting and Controls","2.00","Finance"
"Ministry of Defence","Ministry of Defence","Army","1167535","E1","18554","22345","Operational Analysis","2.00","Science and Engineering"
"Ministry of Defence","Ministry of Defence","Navy Command","1105340","MSO 2 (in Port Group) - 9546","40122","46984","Port Operations","1.00","Operational Delivery"
"Ministry of Defence","Ministry of Defence","Royal Air Force Air Command","1017733","Skill Zone 1","15234","16647","Technical [Trades]","1.81","Science and Engineering"
"Ministry of Defence","Ministry of Defence","Defence Equipment and Support","00009000","D","23661","29383","Secretariat & Private Office","6.30","Operational Delivery"
"Ministry of Defence","Ministry of Defence","Head Office and Corporate Services","00005654","B1","57000","72907","Business Manager","1.00","Planning"
"Ministry of Defence","Ministry of Defence","Army","1167535","E1","18554","22345","Photography","10.81","Communications"
"Ministry of Defence","Ministry of Defence","Navy Command","1105340","MSO Gde 1 - Shore/HQ Staff - 9545","47942","53158","Port Operations","1.00","Operational Delivery"
"Ministry of Defence","Ministry of Defence","Royal Air Force Air Command","1017733","Skill Zone 1","15234","16647","WOME Production","1.00","Science and Engineering"
"Ministry of Defence","Ministry of Defence","Defence Equipment and Support","00009000","D","23661","29383","Security Advice","4.00","Operational Delivery"
"Ministry of Defence","Ministry of Defence","Head Office and Corporate Services","00005654","B2","48421","60130","Reporting and Controls","3.00","Finance"
"Ministry of Defence","Ministry of Defence","Army","1167535","E1","18554","22345","Policy Advisor","2.00","Policy"
"Ministry of Defence","Ministry of Defence","Navy Command","1105340","NHS Band 5","21176","27625","Information Assurance","1.00","Knowledge and Information Management (KIM)"
"Ministry of Defence","Ministry of Defence","Royal Air Force Air Command","1017733","B2 MSF","48421","60130","Business Management","4.00","Operational Delivery"
"Ministry of Defence","Ministry of Defence","Defence Equipment and Support","00009000","D","23661","29383","Security Audit","1.00","Operational Delivery"
"Ministry of Defence","Ministry of Defence","Head Office and Corporate Services","00005654","B2","48421","60130","Project Management","1.00","Programme and Project Management (PPM)"
"Ministry of Defence","Ministry of Defence","Army","1167535","E1","18554","22345","Postal & Courier","5.00","Operational Delivery"
"Ministry of Defence","Ministry of Defence","Navy Command","1105340","NHS Band 5","21176","27625","Nursing and Midwifery","0.67","Medicine"
"Ministry of Defence","Ministry of Defence","Royal Air Force Air Command","1017733","B2 MSF","48421","60130","Performance Management","1.00","Internal Audit"
"Ministry of Defence","Ministry of Defence","Defence Equipment and Support","00009000","D","23661","29383","Security Management","1.00","Operational Delivery"
"Ministry of Defence","Ministry of Defence","Head Office and Corporate Services","00005654","B2","48421","60130","Business Manager","1.00","Planning"
"Ministry of Defence","Ministry of Defence","Army","1167535","E1","18554","22345","Programme Management","1.00","Programme and Project Management (PPM)"
"Ministry of Defence","Ministry of Defence","Navy Command","1105340","NHS Band 6","25528","34189","Business Management","1.00","Operational Delivery"
"Ministry of Defence","Ministry of Defence","Royal Air Force Air Command","1017733","C1 MSF","36004","44711","Business Management","3.00","Operational Delivery"
"Ministry of Defence","Ministry of Defence","Defence Equipment and Support","00009000","D","23661","29383","Security Support","2.00","Operational Delivery"
"Ministry of Defence","Ministry of Defence","Head Office and Corporate Services","00005654","B2","48421","60130","Internal Communications","1.00","Communications"
"Ministry of Defence","Ministry of Defence","Army","1167535","E1","18554","22345","Reporting and Controls","1.00","Finance"
"Ministry of Defence","Ministry of Defence","Navy Command","1105340","NHS Band 6","25528","34189","Medical Technical","2.74","Medicine"
"Ministry of Defence","Ministry of Defence","Royal Air Force Air Command","1017733","C1 MSF","36004","44711","Direct Military Support","1.00","Operational Delivery"
"Ministry of Defence","Ministry of Defence","Defence Equipment and Support","00009000","D","23661","29383","Service HR Expert","1.00","Human Resources"
"Ministry of Defence","Ministry of Defence","Head Office and Corporate Services","00005654","B2","48421","60130","Performance Management","3.00","Policy"
"Ministry of Defence","Ministry of Defence","Army","1167535","E1","18554","22345","Safety Management","1.00","Operational Delivery"
"Ministry of Defence","Ministry of Defence","Navy Command","1105340","NHS Band 8A","38851","46621","Pharmacy","1.00","Medicine"
"Ministry of Defence","Ministry of Defence","Royal Air Force Air Command","1017733","C1 MSF","36004","44711","Programme Management","1.00","Programme and Project Management (PPM)"
"Ministry of Defence","Ministry of Defence","Defence Equipment and Support","00009000","D","23661","29383","Service HR Service Provider","1.60","Human Resources"
"Ministry of Defence","Ministry of Defence","Head Office and Corporate Services","00005654","C1","36004","44711","Reporting and Controls","11.00","Finance"
"Ministry of Defence","Ministry of Defence","Army","1167535","E1","18554","22345","Safety,Health,Enviroment&Fire","2.00","Operational Delivery"
"Ministry of Defence","Ministry of Defence","Navy Command","1105340","Prof Qualified Worker Lvl 2a","23248","25280","Community Service","1.00","Operational Delivery"
"Ministry of Defence","Ministry of Defence","Royal Air Force Air Command","1017733","C1 MSF","36004","44711","Service HR Service Provider","3.00","Human Resources"
"Ministry of Defence","Ministry of Defence","Defence Equipment and Support","00009000","D","23661","29383","Site Estate","1.00","Property and asset management"
"Ministry of Defence","Ministry of Defence","Head Office and Corporate Services","00005654","C1","36004","44711","Business Manager","2.00","Planning"
"Ministry of Defence","Ministry of Defence","Army","1167535","E1","18554","22345","Secretarial","84.08","Operational Delivery"
"Ministry of Defence","Ministry of Defence","Navy Command","1105340","Retired Offr 2","30437","36696","Business Management","1.00","Operational Delivery"
"Ministry of Defence","Ministry of Defence","Royal Air Force Air Command","1017733","C1 MSF","36004","44711","Training Support","1.00","Operational Delivery"
"Ministry of Defence","Ministry of Defence","Defence Equipment and Support","00009000","D","23661","29383","Storekeeping/WarehouseOps","44.87","Operational Delivery"
"Ministry of Defence","Ministry of Defence","Head Office and Corporate Services","00005654","C2","29551","36696","Knowledge & Information Management Manager","2.00","Knowledge and Information Management (KIM)"
"Ministry of Defence","Ministry of Defence","Army","1167535","E1","18554","22345","Secretariat & Private Office","21.66","Operational Delivery"
"Ministry of Defence","Ministry of Defence","Navy Command","1105340","Retired Offr 2","30437","36696","Community Service","1.00","Operational Delivery"
"Ministry of Defence","Ministry of Defence","Royal Air Force Air Command","1017733","C2 MSF","29551","36696","Business Management","52.40","Operational Delivery"
"Ministry of Defence","Ministry of Defence","Defence Equipment and Support","00009000","D","23661","29383","Supply Chain Management","1.00","Operational Delivery"
"Ministry of Defence","Ministry of Defence","Head Office and Corporate Services","00005654","C2","29551","36696","Reporting and Controls","8.00","Finance"
"Ministry of Defence","Ministry of Defence","Army","1167535","E1","18554","22345","Security Management","1.00","Operational Delivery"
"Ministry of Defence","Ministry of Defence","Navy Command","1105340","Retired Offr 2","30437","36696","Direct Military Support","2.00","Operational Delivery"
"Ministry of Defence","Ministry of Defence","Royal Air Force Air Command","1017733","C2 MSF","29551","36696","Community Service","1.00","Operational Delivery"
"Ministry of Defence","Ministry of Defence","Defence Equipment and Support","00009000","D","23661","29383","Sustainable Development","3.00","Operational Delivery"
"Ministry of Defence","Ministry of Defence","Head Office and Corporate Services","00005654","C2","29551","36696","Project Manager","1.00","Programme and Project Management (PPM)"
"Ministry of Defence","Ministry of Defence","Army","1167535","E1","18554","22345","Security Support","4.00","Operational Delivery"
"Ministry of Defence","Ministry of Defence","Navy Command","1105340","Retired Offr 3","25856","29383","Direct Military Support","0.60","Operational Delivery"
"Ministry of Defence","Ministry of Defence","Royal Air Force Air Command","1017733","C2 MSF","29551","36696","Direct Military Support","13.83","Operational Delivery"
"Ministry of Defence","Ministry of Defence","Defence Equipment and Support","00009000","D","23661","29383","Systems Engineering","10.00","Science and Engineering"
"Ministry of Defence","Ministry of Defence","Head Office and Corporate Services","00005654","C2","29551","36696","Civilian HR Expert","1.00","Human Resources"
"Ministry of Defence","Ministry of Defence","Army","1167535","E1","18554","22345","Service HR Expert","2.00","Human Resources"
"Ministry of Defence","Ministry of Defence","Navy Command","1105340","Simulator Instructor 2 - 7576","29551","36696","Training Support","2.50","Operational Delivery"
"Ministry of Defence","Ministry of Defence","Royal Air Force Air Command","1017733","C2 MSF","29551","36696","External Communications","2.00","Communications"
"Ministry of Defence","Ministry of Defence","Defence Equipment and Support","00009000","D","23661","29383","Technical [Trades]","27.00","Science and Engineering"
"Ministry of Defence","Ministry of Defence","Head Office and Corporate Services","00005654","D","23661","29383","Knowledge Information Management Support Officer","1.00","Knowledge and Information Management (KIM)"
"Ministry of Defence","Ministry of Defence","Army","1167535","E1","18554","22345","Service HR Service Provider","299.97","Human Resources"
"Ministry of Defence","Ministry of Defence","Navy Command","1105340","Skill Zone 1","15234","16647","Administrative Support","9.50","Operational Delivery"
"Ministry of Defence","Ministry of Defence","Royal Air Force Air Command","1017733","C2 MSF","29551","36696","Operational Analysis","1.00","Science and Engineering"
"Ministry of Defence","Ministry of Defence","Defence Equipment and Support","00009000","D","23661","29383","Technical Support","1.00","Science and Engineering"
"Ministry of Defence","Ministry of Defence","Head Office and Corporate Services","00005654","D","23661","29383","Transaction Processing","2.00","Finance"
"Ministry of Defence","Ministry of Defence","Army","1167535","E1","18554","22345","Site Estate","2.81","Property and asset management"
"Ministry of Defence","Ministry of Defence","Navy Command","1105340","Skill Zone 1","15234","16647","Building","1.00","Property and asset management"
"Ministry of Defence","Ministry of Defence","Royal Air Force Air Command","1017733","C2 MSF","29551","36696","Performance Management","2.00","Internal Audit"
"Ministry of Defence","Ministry of Defence","Defence Equipment and Support","00009000","D","23661","29383","Through Life Support","84.84","Operational Delivery"
"Ministry of Defence","Ministry of Defence","Head Office and Corporate Services","00005654","D","23661","29383","Reporting and Controls","3.00","Finance"
"Ministry of Defence","Ministry of Defence","Army","1167535","E1","18554","22345","Soft Facilities Management","14.00","Property and asset management"
"Ministry of Defence","Ministry of Defence","Navy Command","1105340","Skill Zone 1","15234","16647","Community Service","1.00","Operational Delivery"
"Ministry of Defence","Ministry of Defence","Royal Air Force Air Command","1017733","C2 MSF","29551","36696","Range Management","1.00","Property and asset management"
"Ministry of Defence","Ministry of Defence","Defence Equipment and Support","00009000","D","23661","29383","Training Support","13.64","Operational Delivery"
"Ministry of Defence","Ministry of Defence","Head Office and Corporate Services","00005654","D","23661","29383","Administrative Support","1.00","Other"
"Ministry of Defence","Ministry of Defence","Army","1167535","E1","18554","22345","Storekeeping/WarehouseOps","5.00","Operational Delivery"
"Ministry of Defence","Ministry of Defence","Navy Command","1105340","Skill Zone 1","15234","16647","Driving","3.00","Operational Delivery"
"Ministry of Defence","Ministry of Defence","Royal Air Force Air Command","1017733","C2 MSF","29551","36696","Reporting and Controls","1.00","Finance"
"Ministry of Defence","Ministry of Defence","Defence Equipment and Support","00009000","D","23661","29383","Transaction Processing","23.78","Finance"
"Ministry of Defence","Ministry of Defence","Head Office and Corporate Services","00005654","E1","18554","22345","Knowledge Information Management Support Officer","1.00","Knowledge and Information Management (KIM)"
"Ministry of Defence","Ministry of Defence","Army","1167535","E1","18554","22345","Supply Chain Mgt and Policy","1.00","Operational Delivery"
"Ministry of Defence","Ministry of Defence","Navy Command","1105340","Skill Zone 1","15234","16647","Logistics [Trades]","5.00","Operational Delivery"
"Ministry of Defence","Ministry of Defence","Royal Air Force Air Command","1017733","C2 MSF","29551","36696","Security Management","1.00","Operational Delivery"
"Ministry of Defence","Ministry of Defence","Defence Equipment and Support","00009000","D","23661","29383","Transport & Movement","21.42","Operational Delivery"
"Ministry of Defence","Ministry of Defence","Head Office and Corporate Services","00005654","E1","18554","22345","Transaction Processing","1.00","Finance"
"Ministry of Defence","Ministry of Defence","Army","1167535","E1","18554","22345","Teaching","5.00","Operational Delivery"
"Ministry of Defence","Ministry of Defence","Navy Command","1105340","Skill Zone 1","15234","16647","Natural Environment","1.00","Operational Delivery"
"Ministry of Defence","Ministry of Defence","Royal Air Force Air Command","1017733","C2 MSF","29551","36696","Service HR Partner","1.00","Human Resources"
"Ministry of Defence","Ministry of Defence","Defence Equipment and Support","00009000","D","23661","29383","WOME Assets","22.00","Science and Engineering"
"Ministry of Defence","Ministry of Defence","Head Office and Corporate Services","00005654","E1","18554","22345","Administrative Support","1.00","Other"
"Ministry of Defence","Ministry of Defence","Army","1167535","E1","18554","22345","Technical [Trades]","11.00","Science and Engineering"
"Ministry of Defence","Ministry of Defence","Navy Command","1105340","Skill Zone 1","15234","16647","Postal & Courier","4.00","Operational Delivery"
"Ministry of Defence","Ministry of Defence","Royal Air Force Air Command","1017733","C2 MSF","29551","36696","Service HR Service Provider","3.00","Human Resources"
"Ministry of Defence","Ministry of Defence","Defence Equipment and Support","00009000","D","23661","29383","WOME Production","88.00","Science and Engineering"
"Ministry of Defence","Ministry of Defence","Head Office and Corporate Services","00005654","B1","57000","72907","Senior Internal Auditor","1.00","Internal Audit"
"Ministry of Defence","Ministry of Defence","Army","1167535","E1","18554","22345","Supply Chain Mgt and Policy","9.00","Operational Delivery"
"Ministry of Defence","Ministry of Defence","Navy Command","1105340","Skill Zone 1","15234","16647","Range Management","1.00","Property and asset management"
"Ministry of Defence","Ministry of Defence","Royal Air Force Air Command","1017733","C2 MSF","29551","36696","Soft Facilities Management","1.00","Property and asset management"
"Ministry of Defence","Ministry of Defence","Defence Equipment and Support","00009000","D","23661","29383","WOME Safety","11.00","Science and Engineering"
"Ministry of Defence","Ministry of Defence","Head Office and Corporate Services","00005654","B2","48421","60130","Senior Internal Auditor","5.00","Internal Audit"
"Ministry of Defence","Ministry of Defence","Army","1167535","E1","18554","22345","Training Support","48.03","Operational Delivery"
"Ministry of Defence","Ministry of Defence","Navy Command","1105340","Skill Zone 1","15234","16647","Site Estate","9.54","Property and asset management"
"Ministry of Defence","Ministry of Defence","Royal Air Force Air Command","1017733","C2 MSF","29551","36696","Technical [Trades]","1.00","Science and Engineering"
"Ministry of Defence","Ministry of Defence","Defence Equipment and Support","00009000","D MSF","23661","29383","Inventory Management","1.00","Operational Delivery"
"Ministry of Defence","Ministry of Defence","Head Office and Corporate Services","00005654","C1","36004","44711","Internal Auditor","23.00","Internal Audit"
"Ministry of Defence","Ministry of Defence","Army","1167535","E1","18554","22345","Transaction Processing","31.58","Finance"
"Ministry of Defence","Ministry of Defence","Navy Command","1105340","Skill Zone 1","15234","16647","Soft Facilities Management","20.12","Property and asset management"
"Ministry of Defence","Ministry of Defence","Royal Air Force Air Command","1017733","C2 MSF","29551","36696","Training Support","2.00","Operational Delivery"
"Ministry of Defence","Ministry of Defence","Defence Equipment and Support","00009000","D MSF","23661","29383","Medical Technical","2.00","Medicine"
"Ministry of Defence","Ministry of Defence","Head Office and Corporate Services","00005654","C1","36004","44711","Decision Support","1.00","Finance"
"Ministry of Defence","Ministry of Defence","Army","1167535","E1","18554","22345","Transport & Movement","26.00","Operational Delivery"
"Ministry of Defence","Ministry of Defence","Navy Command","1105340","Skill Zone 1","15234","16647","Storekeeping/WarehouseOps","9.54","Operational Delivery"
"Ministry of Defence","Ministry of Defence","Royal Air Force Air Command","1017733","D MSF","23661","29383","Business Management","3.00","Operational Delivery"
"Ministry of Defence","Ministry of Defence","Defence Equipment and Support","00009000","D TTO","23427","32743","Technical [Trades]","13.60","Science and Engineering"
"Ministry of Defence","Ministry of Defence","Head Office and Corporate Services","00005654","C1","36004","44711","Information Technology","1.00","Information Technology"
"Ministry of Defence","Ministry of Defence","Army","1167535","E2","15779","19003","Administrative Support","383.48","Operational Delivery"
"Ministry of Defence","Ministry of Defence","Navy Command","1105340","Skill Zone 1","15234","16647","Technical [Trades]","12.33","Science and Engineering"
"Ministry of Defence","Ministry of Defence","Royal Air Force Air Command","1017733","D MSF","23661","29383","Civilian HR Service Provider","1.00","Human Resources"
"Ministry of Defence","Ministry of Defence","Defence Equipment and Support","00009000","D TTO","23427","32743","Through Life Support","2.00","Operational Delivery"
"Ministry of Defence","Ministry of Defence","Head Office and Corporate Services","00005654","C2","29551","36696","Internal Auditor","39.00","Internal Audit"
"Ministry of Defence","Ministry of Defence","Army","1167535","E2","15779","19003","Audit and Assurance","1.00","Internal Audit"
"Ministry of Defence","Ministry of Defence","Navy Command","1105340","Skill Zone 2","16647","18190","Administrative Support","3.00","Operational Delivery"
"Ministry of Defence","Ministry of Defence","Royal Air Force Air Command","1017733","D MSF","23661","29383","Community Service","1.00","Operational Delivery"
"Ministry of Defence","Ministry of Defence","Defence Equipment and Support","00009000","E1","18554","22345","Administrative Support","137.57","Operational Delivery"
"Ministry of Defence","Ministry of Defence","Head Office and Corporate Services","00005654","C2","29551","36696","Information Technology","1.00","Information Technology"
"Ministry of Defence","Ministry of Defence","Army","1167535","E2","15779","19003","Business Management","1.00","Operational Delivery"
"Ministry of Defence","Ministry of Defence","Navy Command","1105340","Skill Zone 2","16647","18190","AeroEng(Aero/Struct/Mech)","2.00","Science and Engineering"
"Ministry of Defence","Ministry of Defence","Royal Air Force Air Command","1017733","D MSF","23661","29383","Direct Military Support","10.79","Operational Delivery"
"Ministry of Defence","Ministry of Defence","Defence Equipment and Support","00009000","E1","18554","22345","Business Management","46.61","Operational Delivery"
"Ministry of Defence","Ministry of Defence","Head Office and Corporate Services","00005654","D","23661","29383","Internal Audit Support Officer","12.00","Internal Audit"
"Ministry of Defence","Ministry of Defence","Army","1167535","E2","15779","19003","Community Development Work","3.00","Operational Delivery"
"Ministry of Defence","Ministry of Defence","Navy Command","1105340","Skill Zone 2","16647","18190","Afloat Support","6.00","Operational Delivery"
"Ministry of Defence","Ministry of Defence","Royal Air Force Air Command","1017733","D MSF","23661","29383","External Communications","1.00","Communications"
"Ministry of Defence","Ministry of Defence","Defence Equipment and Support","00009000","E1","18554","22345","Civilian HR Service Provider","4.00","Human Resources"
"Ministry of Defence","Ministry of Defence","Head Office and Corporate Services","00005654","D","23661","29383","Decision Support","1.00","Finance"
"Ministry of Defence","Ministry of Defence","Army","1167535","E2","15779","19003","Community Service","5.00","Operational Delivery"
"Ministry of Defence","Ministry of Defence","Navy Command","1105340","Skill Zone 2","16647","18190","Community Development Work","1.00","Operational Delivery"
"Ministry of Defence","Ministry of Defence","Royal Air Force Air Command","1017733","C1 STTO","36004","44711","Information Technology","1.00","Information Technology"
"Ministry of Defence","Ministry of Defence","Defence Equipment and Support","00009000","E1","18554","22345","Commercial Operations","3.00","Procurement"
"Ministry of Defence","Ministry of Defence","Head Office and Corporate Services","00005654","D","23661","29383","Performance Management","1.00","Policy"
"Ministry of Defence","Ministry of Defence","Army","1167535","E2","15779","19003","Customer Services","2.00","Operational Delivery"
"Ministry of Defence","Ministry of Defence","Navy Command","1105340","Skill Zone 2","16647","18190","Community Service","4.12","Operational Delivery"
"Ministry of Defence","Ministry of Defence","Royal Air Force Air Command","1017733","C2 HTTO","29551","36696","Safety,Health,Enviroment&Fire","1.00","Operational Delivery"
"Ministry of Defence","Ministry of Defence","Defence Equipment and Support","00009000","E1","18554","22345","Community Service","0.74","Operational Delivery"
"Ministry of Defence","Ministry of Defence","Head Office and Corporate Services","00005654","E1","18554","22345","Internal Audit Support Officer","1.00","Internal Audit"
"Ministry of Defence","Ministry of Defence","Army","1167535","E2","15779","19003","Design and Imagery","3.00","Communications"
"Ministry of Defence","Ministry of Defence","Navy Command","1105340","Skill Zone 2","16647","18190","Customer Services","2.81","Operational Delivery"
"Ministry of Defence","Ministry of Defence","Royal Air Force Air Command","1017733","D TTO","23427","32743","Administrative Support","1.00","Operational Delivery"
"Ministry of Defence","Ministry of Defence","Defence Equipment and Support","00009000","E1","18554","22345","Contract Perf Meas & Mgnt","7.18","Procurement"
"Ministry of Defence","Ministry of Defence","Head Office and Corporate Services","00005654","E1","18554","22345","Transaction Processing","1.00","Finance"
"Ministry of Defence","Ministry of Defence","Army","1167535","E2","15779","19003","Information Technology","2.00","Information Technology"
"Ministry of Defence","Ministry of Defence","Navy Command","1105340","Skill Zone 2","16647","18190","Driving","11.00","Operational Delivery"
"Ministry of Defence","Ministry of Defence","Royal Air Force Air Command","1017733","D TTO","23427","32743","Information Technology","3.00","Information Technology"
"Ministry of Defence","Ministry of Defence","Defence Equipment and Support","00009000","E1","18554","22345","Customer Services","14.41","Operational Delivery"
"Ministry of Defence","Ministry of Defence","Head Office and Corporate Services","00005654","E1","18554","22345","Administrative Support","2.00","Other"
"Ministry of Defence","Ministry of Defence","Army","1167535","E2","15779","19003","Inventory Management","1.00","Operational Delivery"
"Ministry of Defence","Ministry of Defence","Navy Command","1105340","Skill Zone 2","16647","18190","Information Technology","3.00","Information Technology"
"Ministry of Defence","Ministry of Defence","Royal Air Force Air Command","1017733","D TTO","23427","32743","Intelligence Analysis","1.00","Operational Delivery"
"Ministry of Defence","Ministry of Defence","Defence Equipment and Support","00009000","E1","18554","22345","Decision Support","21.92","Finance"
"Ministry of Defence","Ministry of Defence","Head Office and Corporate Services","00005654","B1","57000","72907","Reporting and Controls","1.00","Finance"
"Ministry of Defence","Ministry of Defence","Army","1167535","E2","15779","19003","Knowledge Info Management","5.62","Knowledge and Information Management (KIM)"
"Ministry of Defence","Ministry of Defence","Navy Command","1105340","Skill Zone 2","16647","18190","Inventory Management","2.00","Operational Delivery"
"Ministry of Defence","Ministry of Defence","Royal Air Force Air Command","1017733","D TTO","23427","32743","Teaching","0.75","Operational Delivery"
"Ministry of Defence","Ministry of Defence","Defence Equipment and Support","00009000","E1","18554","22345","Design and Imagery","1.78","Communications"
"Ministry of Defence","Ministry of Defence","Head Office and Corporate Services","00005654","B2","48421","60130","Project Management","2.00","Programme and Project Management (PPM)"
"Ministry of Defence","Ministry of Defence","Army","1167535","E2","15779","19003","MGS Unarmed Guarding","1.00","Operational Delivery"
"Ministry of Defence","Ministry of Defence","Navy Command","1105340","Skill Zone 2","16647","18190","Logistics [Trades]","3.00","Operational Delivery"
"Ministry of Defence","Ministry of Defence","Royal Air Force Air Command","1017733","D TTO","23427","32743","Technical [Trades]","3.00","Science and Engineering"
"Ministry of Defence","Ministry of Defence","Defence Equipment and Support","00009000","E1","18554","22345","Employee Representative","2.00","Human Resources"
"Ministry of Defence","Ministry of Defence","Head Office and Corporate Services","00005654","B2","48421","60130","Business Management and Improvement","1.00","Planning"
"Ministry of Defence","Ministry of Defence","Army","1167535","E2","15779","19003","Museum","2.00","Knowledge and Information Management (KIM)"
"Ministry of Defence","Ministry of Defence","Navy Command","1105340","Skill Zone 2","16647","18190","Logistics Management","2.00","Operational Delivery"
"Ministry of Defence","Ministry of Defence","Royal Air Force Air Command","1017733","Lecturer - 8909","30136","38172","Teaching","50.30","Operational Delivery"
"Ministry of Defence","Ministry of Defence","Defence Equipment and Support","00009000","E1","18554","22345","Information Technology","13.55","Information Technology"
"Ministry of Defence","Ministry of Defence","Head Office and Corporate Services","00005654","B2","48421","60130","Decision Support","1.00","Finance"
"Ministry of Defence","Ministry of Defence","Army","1167535","E2","15779","19003","Obsolete Security","348.00","Operational Delivery"
"Ministry of Defence","Ministry of Defence","Navy Command","1105340","Skill Zone 2","16647","18190","Material Accounting","1.00","Operational Delivery"
"Ministry of Defence","Ministry of Defence","Royal Air Force Air Command","1017733","Lecturer - 8909","30136","38172","Training Support","2.00","Operational Delivery"
"Ministry of Defence","Ministry of Defence","Defence Equipment and Support","00009000","E1","18554","22345","Internal Communications","1.64","Communications"
"Ministry of Defence","Ministry of Defence","Head Office and Corporate Services","00005654","C1","36004","44711","Decision Support","9.00","Finance"
"Ministry of Defence","Ministry of Defence","Army","1167535","E2","15779","19003","Postal & Courier","6.00","Operational Delivery"
"Ministry of Defence","Ministry of Defence","Navy Command","1105340","Skill Zone 2","16647","18190","Obsolete Security","1.00","Operational Delivery"
"Ministry of Defence","Ministry of Defence","Royal Air Force Air Command","1017733","Aviation Offr 1","38197","44711","Training Support","11.00","Operational Delivery"
"Ministry of Defence","Ministry of Defence","Defence Equipment and Support","00009000","E1","18554","22345","Inventory Management","232.78","Operational Delivery"
"Ministry of Defence","Ministry of Defence","Head Office and Corporate Services","00005654","C1","36004","44711","Reporting and Controls","2.00","Finance"
"Ministry of Defence","Ministry of Defence","Army","1167535","E2","15779","19003","Project Management","1.00","Programme and Project Management (PPM)"
"Ministry of Defence","Ministry of Defence","Navy Command","1105340","Skill Zone 2","16647","18190","Port Operations","3.00","Operational Delivery"
"Ministry of Defence","Ministry of Defence","Royal Air Force Air Command","1017733","Aviation Offr 2","35285","36696","Direct Military Support","1.00","Operational Delivery"
"Ministry of Defence","Ministry of Defence","Defence Equipment and Support","00009000","E1","18554","22345","Knowledge Info Management","31.51","Knowledge and Information Management (KIM)"
"Ministry of Defence","Ministry of Defence","Head Office and Corporate Services","00005654","C1","36004","44711","Service HR Expert","1.00","Human Resources"
"Ministry of Defence","Ministry of Defence","Army","1167535","E2","15779","19003","Secretarial","40.69","Operational Delivery"
"Ministry of Defence","Ministry of Defence","Navy Command","1105340","Skill Zone 2","16647","18190","Range Management","2.00","Property and asset management"
"Ministry of Defence","Ministry of Defence","Royal Air Force Air Command","1017733","Aviation Offr 2","35285","36696","Operational Analysis","1.50","Science and Engineering"
"Ministry of Defence","Ministry of Defence","Defence Equipment and Support","00009000","E1","18554","22345","Logistics Management","2.00","Operational Delivery"
"Ministry of Defence","Ministry of Defence","Head Office and Corporate Services","00005654","C2","29551","36696","Decision Support","5.00","Finance"
"Ministry of Defence","Ministry of Defence","Army","1167535","E2","15779","19003","Secretariat & Private Office","16.84","Operational Delivery"
"Ministry of Defence","Ministry of Defence","Navy Command","1105340","Skill Zone 2","16647","18190","Safety,Health,Enviroment&Fire","8.54","Operational Delivery"
"Ministry of Defence","Ministry of Defence","Royal Air Force Air Command","1017733","Aviation Offr 2","35285","36696","Training Support","4.00","Operational Delivery"
"Ministry of Defence","Ministry of Defence","Defence Equipment and Support","00009000","E1","18554","22345","Material Accounting","43.48","Operational Delivery"
"Ministry of Defence","Ministry of Defence","Head Office and Corporate Services","00005654","C2","29551","36696","Reporting and Controls","4.00","Finance"
"Ministry of Defence","Ministry of Defence","Army","1167535","E2","15779","19003","Security Support","2.81","Operational Delivery"
"Ministry of Defence","Ministry of Defence","Navy Command","1105340","Skill Zone 2","16647","18190","Site Estate","2.00","Property and asset management"
"Ministry of Defence","Ministry of Defence","Royal Air Force Air Command","1017733","Aviation Offr 2","35285","36696","Transport & Movement","24.00","Operational Delivery"
"Ministry of Defence","Ministry of Defence","Defence Equipment and Support","00009000","E1","18554","22345","Nuclear Propulsion","1.00","Science and Engineering"
"Ministry of Defence","Ministry of Defence","Head Office and Corporate Services","00005654","C2","29551","36696","Service HR Expert","1.00","Human Resources"
"Ministry of Defence","Ministry of Defence","Army","1167535","E2","15779","19003","Service HR Service Provider","9.64","Human Resources"
"Ministry of Defence","Ministry of Defence","Navy Command","1105340","Skill Zone 2","16647","18190","Soft Facilities Management","1.00","Property and asset management"
"Ministry of Defence","Ministry of Defence","Royal Air Force Air Command","1017733","Nurse","21176","27625","Nursing and Midwifery","2.00","Medicine"
"Ministry of Defence","Ministry of Defence","Defence Equipment and Support","00009000","E1","18554","22345","Obsolete Security","8.08","Operational Delivery"
"Ministry of Defence","Ministry of Defence","Head Office and Corporate Services","00005654","C2","29551","36696","Transaction Processing","1.00","Finance"
"Ministry of Defence","Ministry of Defence","Army","1167535","E2","15779","19003","Site Estate","3.00","Property and asset management"
"Ministry of Defence","Ministry of Defence","Navy Command","1105340","Skill Zone 2","16647","18190","Storekeeping/WarehouseOps","120.75","Operational Delivery"
"Ministry of Defence","Ministry of Defence","Royal Air Force Air Command","1017733","NHS Band 5","21176","27625","Medical Technical","0.60","Medicine"
"Ministry of Defence","Ministry of Defence","Defence Equipment and Support","00009000","E1","18554","22345","Performance Management","1.00","Internal Audit"
"Ministry of Defence","Ministry of Defence","Head Office and Corporate Services","00005654","C2","29551","36696","Administrative Support","1.00","Planning"
"Ministry of Defence","Ministry of Defence","Army","1167535","E2","15779","19003","Soft Facilities Management","14.00","Property and asset management"
"Ministry of Defence","Ministry of Defence","Navy Command","1105340","Skill Zone 2","16647","18190","Technical [Trades]","19.00","Science and Engineering"
"Ministry of Defence","Ministry of Defence","Royal Air Force Air Command","1017733","NHS Band 8A","38851","46621","Pharmacy","1.00","Medicine"
"Ministry of Defence","Ministry of Defence","Defence Equipment and Support","00009000","E1","18554","22345","Policy Advisor","4.00","Policy"
"Ministry of Defence","Ministry of Defence","Head Office and Corporate Services","00005654","D","23661","29383","Decision Support","6.00","Finance"
"Ministry of Defence","Ministry of Defence","Army","1167535","E2","15779","19003","Storekeeping/WarehouseOps","1.00","Operational Delivery"
"Ministry of Defence","Ministry of Defence","Navy Command","1105340","Skill Zone 2","16647","18190","Transport & Movement","2.00","Operational Delivery"
"Ministry of Defence","Ministry of Defence","Royal Air Force Air Command","1017733","Chf YC Off","48831","57851","Community Development Work","1.00","Operational Delivery"
"Ministry of Defence","Ministry of Defence","Defence Equipment and Support","00009000","E1","18554","22345","Postal & Courier","39.54","Operational Delivery"
"Ministry of Defence","Ministry of Defence","Head Office and Corporate Services","00005654","D","23661","29383","Reporting and Controls","2.00","Finance"
"Ministry of Defence","Ministry of Defence","Army","1167535","E2","15779","19003","Technical [Trades]","1.00","Science and Engineering"
"Ministry of Defence","Ministry of Defence","Navy Command","1105340","Skill Zone 3","18190","22372","Afloat Support","4.00","Operational Delivery"
"Ministry of Defence","Ministry of Defence","Royal Air Force Air Command","1017733","Command Youth and Community Officer","39120","47731","Community Development Work","2.00","Operational Delivery"
"Ministry of Defence","Ministry of Defence","Defence Equipment and Support","00009000","E1","18554","22345","Programme Management","1.00","Programme and Project Management (PPM)"
"Ministry of Defence","Ministry of Defence","Head Office and Corporate Services","00005654","D","23661","29383","Service HR Expert","1.00","Human Resources"
"Ministry of Defence","Ministry of Defence","Army","1167535","E2","15779","19003","Training Support","4.81","Operational Delivery"
"Ministry of Defence","Ministry of Defence","Navy Command","1105340","Skill Zone 3","18190","22372","Direct Military Support","1.00","Operational Delivery"
"Ministry of Defence","Ministry of Defence","Royal Air Force Air Command","1017733","Prof Qualified Worker Lvl 2a","23248","25280","Community Development Work","1.00","Operational Delivery"
"Ministry of Defence","Ministry of Defence","Defence Equipment and Support","00009000","E1","18554","22345","Project Management","11.23","Programme and Project Management (PPM)"
"Ministry of Defence","Ministry of Defence","Head Office and Corporate Services","00005654","D","23661","29383","Administrative Support","2.00","Planning"
"Ministry of Defence","Ministry of Defence","Army","1167535","E2","15779","19003","Transaction Processing","4.89","Finance"
"Ministry of Defence","Ministry of Defence","Navy Command","1105340","Skill Zone 3","18190","22372","Driving","54.72","Operational Delivery"
"Ministry of Defence","Ministry of Defence","Royal Air Force Air Command","1017733","Prof Qualified Worker Lvl 2b","25950","28237","Community Development Work","4.00","Operational Delivery"
"Ministry of Defence","Ministry of Defence","Defence Equipment and Support","00009000","E1","18554","22345","Quality Management","1.00","Programme and Project Management (PPM)"
"Ministry of Defence","Ministry of Defence","Head Office and Corporate Services","00005654","E1","18554","22345","Transaction Processing","5.00","Finance"
"Ministry of Defence","Ministry of Defence","Army","1167535","Fast Stream Grade Band C1","36004","44711","Secretariat & Private Office","0.81","Operational Delivery"
"Ministry of Defence","Ministry of Defence","Navy Command","1105340","Skill Zone 3","18190","22372","Inventory Management","3.00","Operational Delivery"
"Ministry of Defence","Ministry of Defence","Royal Air Force Air Command","1017733","Prof Qualified Worker Lvl 3a","29071","31599","Community Development Work","14.00","Operational Delivery"
"Ministry of Defence","Ministry of Defence","Defence Equipment and Support","00009000","E1","18554","22345","Reporting and Controls","7.76","Finance"
"Ministry of Defence","Ministry of Defence","Head Office and Corporate Services","00005654","E1","18554","22345","Decision Support","1.00","Finance"
"Ministry of Defence","Ministry of Defence","Army","1167535","Firefighter","18983","26596","Fire Service","443.00","Operational Delivery"
"Ministry of Defence","Ministry of Defence","Navy Command","1105340","Skill Zone 3","18190","22372","Logistics [Trades]","4.00","Operational Delivery"
"Ministry of Defence","Ministry of Defence","Royal Air Force Air Command","1017733","Prof Qualified Worker Lvl 3a","29071","31599","Community Service","1.00","Operational Delivery"
"Ministry of Defence","Ministry of Defence","Defence Equipment and Support","00009000","E1","18554","22345","Safety,Health,Enviroment&Fire","3.54","Operational Delivery"
"Ministry of Defence","Ministry of Defence","Head Office and Corporate Services","00005654","E1","18554","22345","Reporting and Controls","1.00","Finance"
"Ministry of Defence","Ministry of Defence","Army","1167535","Firefighter - Rank to Role","19702","26259","Fire Service","59.00","Operational Delivery"
"Ministry of Defence","Ministry of Defence","Navy Command","1105340","Skill Zone 3","18190","22372","Logistics Management","1.00","Operational Delivery"
"Ministry of Defence","Ministry of Defence","Royal Air Force Air Command","1017733","B2","48421","60130","Clinical Psychology","0.80","Psychology"
"Ministry of Defence","Ministry of Defence","Defence Equipment and Support","00009000","E1","18554","22345","Science & Engineering policy","1.00","Science and Engineering"
"Ministry of Defence","Ministry of Defence","Head Office and Corporate Services","00005654","E1","18554","22345","Administrative Support","1.00","Other"
"Ministry of Defence","Ministry of Defence","Army","1167535","Gar YC Off","35751","44450","Community Development Work","3.00","Operational Delivery"
"Ministry of Defence","Ministry of Defence","Navy Command","1105340","Skill Zone 3","18190","22372","Material Accounting","2.00","Operational Delivery"
"Ministry of Defence","Ministry of Defence","Royal Air Force Air Command","1017733","C1","36004","44711","HR Leader","2.00","Human Resources"
"Ministry of Defence","Ministry of Defence","Defence Equipment and Support","00009000","E1","18554","22345","Secretarial","20.27","Operational Delivery"
"Ministry of Defence","Ministry of Defence","Head Office and Corporate Services","00005654","B1","57000","72907","Decision Support","2.00","Finance"
"Ministry of Defence","Ministry of Defence","Army","1167535","Group Manager","42222","43070","Fire Service","33.00","Operational Delivery"
"Ministry of Defence","Ministry of Defence","Navy Command","1105340","Skill Zone 3","18190","22372","Obsolete Security","1.00","Operational Delivery"
"Ministry of Defence","Ministry of Defence","Royal Air Force Air Command","1017733","C1","36004","44711","Programme Management","1.00","Programme and Project Management (PPM)"
"Ministry of Defence","Ministry of Defence","Defence Equipment and Support","00009000","E1","18554","22345","Secretariat & Private Office","1.00","Operational Delivery"
"Ministry of Defence","Ministry of Defence","Head Office and Corporate Services","00005654","B1","57000","72907","Secretarial","1.00","Other"
"Ministry of Defence","Ministry of Defence","Army","1167535","Head Teacher 1","42379","86365","Information Technology","0.81","Information Technology"
"Ministry of Defence","Ministry of Defence","Navy Command","1105340","Skill Zone 3","18190","22372","Port Operations","2.00","Operational Delivery"
"Ministry of Defence","Ministry of Defence","Royal Air Force Air Command","1017733","C1","36004","44711","Service HR Service Provider","1.00","Human Resources"
"Ministry of Defence","Ministry of Defence","Defence Equipment and Support","00009000","E1","18554","22345","Security Advice","10.00","Operational Delivery"
"Ministry of Defence","Ministry of Defence","Head Office and Corporate Services","00005654","B2","48421","60130","Decision Support","2.00","Finance"
"Ministry of Defence","Ministry of Defence","Army","1167535","Head Teacher 1","42379","86365","Teaching","0.81","Operational Delivery"
"Ministry of Defence","Ministry of Defence","Navy Command","1105340","Skill Zone 3","18190","22372","Safety,Health,Enviroment&Fire","2.00","Operational Delivery"
"Ministry of Defence","Ministry of Defence","Royal Air Force Air Command","1017733","C1 MSF","36004","44711","Administrative Support","1.00","Operational Delivery"
"Ministry of Defence","Ministry of Defence","Defence Equipment and Support","00009000","E1","18554","22345","Security Management","1.00","Operational Delivery"
"Ministry of Defence","Ministry of Defence","Head Office and Corporate Services","00005654","B2","48421","60130","Programme Management","1.00","Programme and Project Management (PPM)"
"Ministry of Defence","Ministry of Defence","Army","1167535","Head Teacher 1","42379","86365","Teaching L'ship","21.87","Operational Delivery"
"Ministry of Defence","Ministry of Defence","Navy Command","1105340","Skill Zone 3","18190","22372","Soft Facilities Management","2.00","Property and asset management"
"Ministry of Defence","Ministry of Defence","Royal Air Force Air Command","1017733","C2","29551","36696","Estate Planning","1.00","Property and asset management"
"Ministry of Defence","Ministry of Defence","Defence Equipment and Support","00009000","E1","18554","22345","Security Support","4.00","Operational Delivery"
"Ministry of Defence","Ministry of Defence","Head Office and Corporate Services","00005654","C1","36004","44711","Decision Support","3.00","Finance"
"Ministry of Defence","Ministry of Defence","Army","1167535","House Matron QVS","15705","16740","Community Service","4.00","Operational Delivery"
"Ministry of Defence","Ministry of Defence","Navy Command","1105340","Skill Zone 3","18190","22372","Storekeeping/WarehouseOps","23.00","Operational Delivery"
"Ministry of Defence","Ministry of Defence","Royal Air Force Air Command","1017733","E1","18554","22345","Customer Services","1.00","Operational Delivery"
"Ministry of Defence","Ministry of Defence","Defence Equipment and Support","00009000","E1","18554","22345","Service HR Service Provider","4.00","Human Resources"
"Ministry of Defence","Ministry of Defence","Head Office and Corporate Services","00005654","C1","36004","44711","Secretariat & Private Office","2.00","Other"
"Ministry of Defence","Ministry of Defence","Army","1167535","Houseparents - Abated","18837","22040","Community Service","2.00","Operational Delivery"
"Ministry of Defence","Ministry of Defence","Navy Command","1105340","Skill Zone 3","18190","22372","Technical [Trades]","88.08","Science and Engineering"
"Ministry of Defence","Ministry of Defence","Royal Air Force Air Command","1017733","E1","18554","22345","IT SECURITY","1.00","Information Technology"
"Ministry of Defence","Ministry of Defence","Defence Equipment and Support","00009000","E1","18554","22345","Soft Facilities Management","1.00","Property and asset management"
"Ministry of Defence","Ministry of Defence","Head Office and Corporate Services","00005654","C1","36004","44711","Performance Management","3.00","Policy"
"Ministry of Defence","Ministry of Defence","Army","1167535","Instr Profr of Music (Eng)","45334","45334","Training Support","2.81","Operational Delivery"
"Ministry of Defence","Ministry of Defence","Navy Command","1105340","Skill Zone 3","18190","22372","Technical [Trades]","1.00","Science and Engineering"
"Ministry of Defence","Ministry of Defence","Defence Equipment and Support","00009000","E1","18554","22345","Storekeeping/WarehouseOps","12.00","Operational Delivery"
"Ministry of Defence","Ministry of Defence","Head Office and Corporate Services","00005654","OF4","68679","79524","Performance Management","1.00","Policy"
"Ministry of Defence","Ministry of Defence","Army","1167535","JNC Lvl 2 (Youth Worker) 2-10","21525","28461","Community Development Work","7.00","Operational Delivery"
"Ministry of Defence","Ministry of Defence","Navy Command","1105340","Skill Zone 3","18190","22372","Through Life Support","1.00","Operational Delivery"
"Ministry of Defence","Ministry of Defence","Defence Equipment and Support","00009000","E1","18554","22345","SystemSafety&Enviromental Mgt","1.00","Programme and Project Management (PPM)"
"Ministry of Defence","Ministry of Defence","Head Office and Corporate Services","00005654","C2","29551","36696","Decision Support","2.00","Finance"
"Ministry of Defence","Ministry of Defence","Army","1167535","JNC Lvl 2 (Youth Worker) 3-11","22489","29392","Community Development Work","3.00","Operational Delivery"
"Ministry of Defence","Ministry of Defence","Navy Command","1105340","Skill Zone 4","22372","25179","AeroEng(Aero/Struct/Mech)","1.00","Science and Engineering"
"Ministry of Defence","Ministry of Defence","Defence Equipment and Support","00009000","E1","18554","22345","Technical [Trades]","2.64","Science and Engineering"
"Ministry of Defence","Ministry of Defence","Head Office and Corporate Services","00005654","C2","29551","36696","Reporting and Controls","4.00","Finance"
"Ministry of Defence","Ministry of Defence","Army","1167535","JNC Lvl 3 (Youth Worker) 1-4","29352","31968","Community Development Work","3.00","Operational Delivery"
"Ministry of Defence","Ministry of Defence","Navy Command","1105340","Skill Zone 4","22372","25179","Storekeeping/WarehouseOps","1.00","Operational Delivery"
"Ministry of Defence","Ministry of Defence","Defence Equipment and Support","00009000","E1","18554","22345","Through Life Support","9.60","Operational Delivery"
"Ministry of Defence","Ministry of Defence","Head Office and Corporate Services","00005654","C2","29551","36696","Performance Management","2.00","Policy"
"Ministry of Defence","Ministry of Defence","Army","1167535","JNC Lvl 3 (Youth Worker) 2-5","30219","32847","Community Development Work","1.00","Operational Delivery"
"Ministry of Defence","Ministry of Defence","Navy Command","1105340","Skill Zone 4","22372","25179","Technical [Trades]","6.00","Science and Engineering"
"Ministry of Defence","Ministry of Defence","Defence Equipment and Support","00009000","E1","18554","22345","Training Support","5.64","Operational Delivery"
"Ministry of Defence","Ministry of Defence","Head Office and Corporate Services","00005654","Fast Stream Grade Band C1","36004","44711","Decision Support","1.00","Finance"
"Ministry of Defence","Ministry of Defence","Army","1167535","JNC Lvl 3 (Youth Worker) 3-6","31091","33726","Community Development Work","1.00","Operational Delivery"
"Ministry of Defence","Ministry of Defence","Navy Command","1105340","SPTO (Health Physicist)","53690","55837","Environmental Health","1.00","Operational Delivery"
"Ministry of Defence","Ministry of Defence","Defence Equipment and Support","00009000","E1","18554","22345","Transaction Processing","10.40","Finance"
"Ministry of Defence","Ministry of Defence","Head Office and Corporate Services","00005654","Fast Stream Grade Band C1","36004","44711","Secretariat & Private Office","1.00","Other"
"Ministry of Defence","Ministry of Defence","Army","1167535","Leading Firefighter","28449","29384","Fire Service","153.00","Operational Delivery"
"Ministry of Defence","Ministry of Defence","Navy Command","1105340","SPTO (Health Physicist)","53690","55837","Nuclear Propulsion","2.00","Science and Engineering"
"Ministry of Defence","Ministry of Defence","Defence Equipment and Support","00009000","E1","18554","22345","Transport & Movement","15.23","Operational Delivery"
"Ministry of Defence","Ministry of Defence","Head Office and Corporate Services","00005654","Fast Stream Grade Band C1","36004","44711","Statistician","4.00","Statisticians"
"Ministry of Defence","Ministry of Defence","Army","1167535","Medical Offr","56436","69409","Business Management","0.64","Operational Delivery"
"Ministry of Defence","Ministry of Defence","Navy Command","1105340","TUPE FLAG 37 01/06/12","11685","40000","Through Life Support","5.00","Operational Delivery"
"Ministry of Defence","Ministry of Defence","Defence Equipment and Support","00009000","E1","18554","22345","WOME Assets","19.00","Science and Engineering"
"Ministry of Defence","Ministry of Defence","Head Office and Corporate Services","00005654","B1","57000","72907","Senior statistician","3.00","Statisticians"
"Ministry of Defence","Ministry of Defence","Army","1167535","Medical Offr","56436","69409","Gen Practice Medical","0.32","Medicine"
"Ministry of Defence","Ministry of Defence","Navy Command","1105340","TUPEBDO 37 NET","19820","21324","Safety Management","2.00","Operational Delivery"
"Ministry of Defence","Ministry of Defence","Defence Equipment and Support","00009000","E1","18554","22345","WOME Production","30.40","Science and Engineering"
"Ministry of Defence","Ministry of Defence","Head Office and Corporate Services","00005654","B2","48421","60130","Senior statistician","8.00","Statisticians"
"Ministry of Defence","Ministry of Defence","Army","1167535","Mess Manager A","23661","29383","Soft Facilities Management","0.80","Property and asset management"
"Ministry of Defence","Ministry of Defence","Navy Command","1105340","TUPEBDO 37 NET","19820","21324","Safety,Health,Enviroment&Fire","7.00","Operational Delivery"
"Ministry of Defence","Ministry of Defence","Defence Equipment and Support","00009000","E1","18554","22345","WOME Safety","3.08","Science and Engineering"
"Ministry of Defence","Ministry of Defence","Head Office and Corporate Services","00005654","B2","48421","60130","Information Technology","1.00","Information Technology"
"Ministry of Defence","Ministry of Defence","Army","1167535","MSO Gde 1 - Shore/HQ Staff - 9545","47942","53158","Transport & Movement","1.00","Operational Delivery"
"Ministry of Defence","Ministry of Defence","Navy Command","1105340","TUPEBDO 42 GRO","19820","21324","Safety,Health,Enviroment&Fire","1.00","Operational Delivery"
"Ministry of Defence","Ministry of Defence","Defence Equipment and Support","00009000","E2","15779","19003","Administrative Support","6.61","Operational Delivery"
"Ministry of Defence","Ministry of Defence","Head Office and Corporate Services","00005654","C1","36004","44711","Statistician","15.00","Statisticians"
"Ministry of Defence","Ministry of Defence","Army","1167535","NHS Band 5","21176","27625","Nursing and Midwifery","4.00","Medicine"
"Ministry of Defence","Ministry of Defence","Navy Command","1105340","TUPENAVYNEWS01/01/2010","11685","40000","Administrative Support","6.38","Operational Delivery"
"Ministry of Defence","Ministry of Defence","Defence Equipment and Support","00009000","E2","15779","19003","Business Management","1.00","Operational Delivery"
"Ministry of Defence","Ministry of Defence","Head Office and Corporate Services","00005654","C1","36004","44711","Information Technology","3.00","Information Technology"
"Ministry of Defence","Ministry of Defence","Army","1167535","NHS Band 5","21176","27625","Pharmacy","1.00","Medicine"
"Ministry of Defence","Ministry of Defence","Navy Command","1105340","Y&C Wkr (Unq)","15324","23485","Community Development Work","1.00","Operational Delivery"
"Ministry of Defence","Ministry of Defence","Defence Equipment and Support","00009000","E2","15779","19003","Information Technology","2.00","Information Technology"
"Ministry of Defence","Ministry of Defence","Head Office and Corporate Services","00005654","C2","29551","36696","Information Technology","12.00","Information Technology"
"Ministry of Defence","Ministry of Defence","Army","1167535","NHS Band 6","25528","34189","Business Management","1.00","Operational Delivery"
"Ministry of Defence","Ministry of Defence","Navy Command","1105340","OR1-3","17945","29651","Direct Military Support","10442.00","Operational Delivery"
"Ministry of Defence","Ministry of Defence","Defence Equipment and Support","00009000","E2","15779","19003","Inventory Management","3.81","Operational Delivery"
"Ministry of Defence","Ministry of Defence","Head Office and Corporate Services","00005654","C2","29551","36696","Statistical Analysis","4.00","Statisticians"
"Ministry of Defence","Ministry of Defence","Army","1167535","NHS Band 6","25528","34189","Nursing and Midwifery","2.00","Medicine"
"Ministry of Defence","Ministry of Defence","Navy Command","1105340","OR4","27054","33998","Direct Military Support","5231.00","Operational Delivery"
"Ministry of Defence","Ministry of Defence","Defence Equipment and Support","00009000","E2","15779","19003","Material Accounting","1.00","Operational Delivery"
"Ministry of Defence","Ministry of Defence","Head Office and Corporate Services","00005654","C2","29551","36696","Statistics","11.00","Statisticians"
"Ministry of Defence","Ministry of Defence","Army","1167535","NHS Band 6","25528","34189","Physiotherapy","2.54","Medicine"
"Ministry of Defence","Ministry of Defence","Navy Command","1105340","OR5-6","30750","37836","Direct Military Support","3256.00","Operational Delivery"
"Ministry of Defence","Ministry of Defence","Defence Equipment and Support","00009000","E2","15779","19003","Obsolete Security","1.00","Operational Delivery"
"Ministry of Defence","Ministry of Defence","Head Office and Corporate Services","00005654","C2","29551","36696","Decision Support","1.00","Finance"
"Ministry of Defence","Ministry of Defence","Army","1167535","NHS Band 7","30460","40157","Physiotherapy","4.00","Medicine"
"Ministry of Defence","Ministry of Defence","Navy Command","1105340","OR7-8","34039","44315","Direct Military Support","3142.00","Operational Delivery"
"Ministry of Defence","Ministry of Defence","Defence Equipment and Support","00009000","E2","15779","19003","Performance Management","1.00","Internal Audit"
"Ministry of Defence","Ministry of Defence","Head Office and Corporate Services","00005654","C2","29551","36696","Administrator","1.00","Other"
"Ministry of Defence","Ministry of Defence","Army","1167535","Parent Partnership Officer","40943","47635","Teaching","3.00","Operational Delivery"
"Ministry of Defence","Ministry of Defence","Navy Command","1105340","OR9","39548","47902","Direct Military Support","702.00","Operational Delivery"
"Ministry of Defence","Ministry of Defence","Defence Equipment and Support","00009000","E2","15779","19003","Postal & Courier","104.80","Operational Delivery"
"Ministry of Defence","Ministry of Defence","Head Office and Corporate Services","00005654","D","23661","29383","Statistical Support Officer","28.00","Statisticians"
"Ministry of Defence","Ministry of Defence","Army","1167535","Prinl Lecturer (RMAS/BRNC)","47942","59535","Teaching","3.00","Operational Delivery"
"Ministry of Defence","Ministry of Defence","Navy Command","1105340","OF1","16468","33507","Direct Military Support","157.00","Operational Delivery"
"Ministry of Defence","Ministry of Defence","Defence Equipment and Support","00009000","E2","15779","19003","Service HR Service Provider","1.00","Human Resources"
"Ministry of Defence","Ministry of Defence","Head Office and Corporate Services","00005654","D","23661","29383","Information Technology","14.00","Information Technology"
"Ministry of Defence","Ministry of Defence","Army","1167535","Prinl Lecturer (RMAS/BRNC)","47942","59535","Training Support","1.00","Operational Delivery"
"Ministry of Defence","Ministry of Defence","Navy Command","1105340","OF2","38848","46199","Direct Military Support","2047.00","Operational Delivery"
"Ministry of Defence","Ministry of Defence","Defence Equipment and Support","00009000","Fast Stream Grade Band C1","36004","44711","Business Continuity","0.62","Operational Delivery"
"Ministry of Defence","Ministry of Defence","Head Office and Corporate Services","00005654","D","23661","29383","Decision Support","1.00","Finance"
"Ministry of Defence","Ministry of Defence","Army","1167535","Prof Qualified Worker Lvl 2a","23248","25280","Administrative Support","1.00","Operational Delivery"
"Ministry of Defence","Ministry of Defence","Navy Command","1105340","OF3","48934","58605","Direct Military Support","1555.00","Operational Delivery"
"Ministry of Defence","Ministry of Defence","Defence Equipment and Support","00009000","Fast Stream Grade Band C1","36004","44711","Business Management","2.00","Operational Delivery"
"Ministry of Defence","Ministry of Defence","Head Office and Corporate Services","00005654","D","23661","29383","Secretarial","1.00","Other"
"Ministry of Defence","Ministry of Defence","Army","1167535","Prof Qualified Worker Lvl 2a","23248","25280","Community Development Work","20.50","Operational Delivery"
"Ministry of Defence","Ministry of Defence","Navy Command","1105340","OF4","68679","79524","Direct Military Support","544.00","Operational Delivery"
"Ministry of Defence","Ministry of Defence","Defence Equipment and Support","00009000","Fast Stream Grade Band C1","36004","44711","Nuclear Propulsion","2.00","Science and Engineering"
"Ministry of Defence","Ministry of Defence","Head Office and Corporate Services","00005654","D","23661","29383","Business Management and Improvement","1.00","Planning"
"Ministry of Defence","Ministry of Defence","Army","1167535","Prof Qualified Worker Lvl 2a","23248","25280","Community Service","1.00","Operational Delivery"
"Ministry of Defence","Ministry of Defence","Navy Command","1105340","OF5","83205","91466","Direct Military Support","136.00","Operational Delivery"
"Ministry of Defence","Ministry of Defence","Defence Equipment and Support","00009000","Fast Stream Grade Band C1","36004","44711","Project Management","1.64","Programme and Project Management (PPM)"
"Ministry of Defence","Ministry of Defence","Head Office and Corporate Services","00005654","E1","18554","22345","Business Management and Improvement","1.00","Planning"
"Ministry of Defence","Ministry of Defence","Army","1167535","Prof Qualified Worker Lvl 2b","25950","28237","Community Development Work","5.00","Operational Delivery"
"Ministry of Defence","Ministry of Defence","Navy Command","1105340","1/O (E)","56263","56263","Direct Military Support","16.00","Operational Delivery"
"Ministry of Defence","Ministry of Defence","Defence Equipment and Support","00009000","Fast Stream Grade Band C2","29551","36696","Project Management","1.00","Programme and Project Management (PPM)"
"Ministry of Defence","Ministry of Defence","Head Office and Corporate Services","00005654","E1","18554","22345","Administrative Support","1.00","Internal Audit"
"Ministry of Defence","Ministry of Defence","Army","1167535","Prof Qualified Worker Lvl 3a","29071","31599","Community Development Work","8.62","Operational Delivery"
"Ministry of Defence","Ministry of Defence","Navy Command","1105340","1/O (LS)","54568","54568","Direct Military Support","17.00","Operational Delivery"
"Ministry of Defence","Ministry of Defence","Defence Equipment and Support","00009000","Grade 7 (Health Physicist)","62881","62881","Nuclear Propulsion","1.00","Science and Engineering"
"Ministry of Defence","Ministry of Defence","Head Office and Corporate Services","00005654","E1","18554","22345","Information Technology","2.00","Information Technology"
"Ministry of Defence","Ministry of Defence","Army","1167535","Prof Qualified Worker Lvl 3b","32444","34994","Community Development Work","7.00","Operational Delivery"
"Ministry of Defence","Ministry of Defence","Navy Command","1105340","1/O (SE)","55342","55342","Direct Military Support","29.00","Operational Delivery"
"Ministry of Defence","Ministry of Defence","Defence Equipment and Support","00009000","Grade 7 (Health Physicist)","62881","62881","Nuclear Weapons","1.00","Science and Engineering"
"Ministry of Defence","Ministry of Defence","Head Office and Corporate Services","00005654","E1","18554","22345","Statistical Support Officer","4.00","Statisticians"
"Ministry of Defence","Ministry of Defence","Army","1167535","Queen Vict Schl Asst/Prin Tchr","37284","37284","Teaching","0.94","Operational Delivery"
"Ministry of Defence","Ministry of Defence","Navy Command","1105340","1/O (X)","53305","53305","Direct Military Support","25.00","Operational Delivery"
"Ministry of Defence","Ministry of Defence","Defence Equipment and Support","00009000","Graduate Engineer","24371","25856","Engineering Civ Apprentices","123.00","Science and Engineering"
"Ministry of Defence","Ministry of Defence","Head Office and Corporate Services","00005654","E2","15779","19003","Knowledge Information Management Support Officer","1.00","Knowledge and Information Management (KIM)"
"Ministry of Defence","Ministry of Defence","Army","1167535","Queen Vict Schl Dep Head Mster","50466","50466","Teaching","1.88","Operational Delivery"
"Ministry of Defence","Ministry of Defence","Navy Command","1105340","2/O (C)","48701","48701","Direct Military Support","12.00","Operational Delivery"
"Ministry of Defence","Ministry of Defence","Defence Equipment and Support","00009000","NHS Band 5","21176","27625","Medical Technical","1.00","Medicine"
"Ministry of Defence","Ministry of Defence","Head Office and Corporate Services","00005654","Fast Stream Grade Band C1","36004","44711","Statistician","1.00","Statisticians"
"Ministry of Defence","Ministry of Defence","Army","1167535","Queen Vict Schl Head Master","71916","71916","Teaching","0.94","Operational Delivery"
"Ministry of Defence","Ministry of Defence","Navy Command","1105340","2/O (E)","44297","44297","Direct Military Support","39.00","Operational Delivery"
"Ministry of Defence","Ministry of Defence","Defence Equipment and Support","00009000","NHS Band 5","21176","27625","Pharmacy","1.00","Medicine"
"Ministry of Defence","Ministry of Defence","Head Office and Corporate Services","00005654","Fast Stream Grade Band C1","36004","44711","Economist","1.00","Economics"
"Ministry of Defence","Ministry of Defence","Army","1167535","Queen Vict Schl Prin Teacher","38577","38577","Teaching","12.22","Operational Delivery"
"Ministry of Defence","Ministry of Defence","Navy Command","1105340","2/O (LS)","48807","48807","Direct Military Support","15.00","Operational Delivery"
"Ministry of Defence","Ministry of Defence","Defence Equipment and Support","00009000","NHS Band 6","25528","34189","Nursing and Midwifery","2.00","Medicine"
"Ministry of Defence","Ministry of Defence","Head Office and Corporate Services","00005654","Fast Stream Grade Band C2","29551","36696","Economist","2.00","Economics"
"Ministry of Defence","Ministry of Defence","Army","1167535","Retired Offr 1","38197","44711","Business Management","2.00","Operational Delivery"
"Ministry of Defence","Ministry of Defence","Navy Command","1105340","2/O (SE)","46382","46382","Direct Military Support","37.00","Operational Delivery"
"Ministry of Defence","Ministry of Defence","Defence Equipment and Support","00009000","NHS Band 7","30460","40157","Nursing and Midwifery","1.00","Medicine"
"Ministry of Defence","Ministry of Defence","Head Office and Corporate Services","00005654","Fast Stream Grade Band C1","36004","44711","Statistician","2.00","Statisticians"
"Ministry of Defence","Ministry of Defence","Army","1167535","Retired Offr 1","38197","44711","Direct Military Support","1.00","Operational Delivery"
"Ministry of Defence","Ministry of Defence","Navy Command","1105340","2/O (X)","44509","44509","Direct Military Support","45.00","Operational Delivery"
"Ministry of Defence","Ministry of Defence","Defence Equipment and Support","00009000","NHS Band 8A","38851","46621","Pharmacy","2.40","Medicine"
"Ministry of Defence","Ministry of Defence","Head Office and Corporate Services","00005654","B1","57000","72907","Senior statistician","1.00","Statisticians"
"Ministry of Defence","Ministry of Defence","Army","1167535","Retired Offr 1","38197","44711","Training Support","1.00","Operational Delivery"
"Ministry of Defence","Ministry of Defence","Navy Command","1105340","3/O (C)","43908","43908","Direct Military Support","17.00","Operational Delivery"
"Ministry of Defence","Ministry of Defence","Defence Equipment and Support","00009000","NHS Band 8B","45254","55945","Pharmacy","1.00","Medicine"
"Ministry of Defence","Ministry of Defence","Head Office and Corporate Services","00005654","B1","57000","72907","Senior Economist","1.00","Economics"
"Ministry of Defence","Ministry of Defence","Army","1167535","Retired Offr 2","30437","36696","Administrative Support","1.00","Operational Delivery"
"Ministry of Defence","Ministry of Defence","Navy Command","1105340","3/O (E)","36601","36601","Direct Military Support","71.00","Operational Delivery"
"Ministry of Defence","Ministry of Defence","Defence Equipment and Support","00009000","OF1","16468","33507","Military","5.00","Military"
"Ministry of Defence","Ministry of Defence","Head Office and Corporate Services","00005654","B2","48421","60130","Senior statistician","2.00","Statisticians"
"Ministry of Defence","Ministry of Defence","Army","1167535","Retired Offr 2","30437","36696","Business Management","9.00","Operational Delivery"
"Ministry of Defence","Ministry of Defence","Navy Command","1105340","3/O (LS)","40860","40860","Direct Military Support","12.00","Operational Delivery"
"Ministry of Defence","Ministry of Defence","Defence Equipment and Support","00009000","OF2","38848","46199","Military","214.00","Military"
"Ministry of Defence","Ministry of Defence","Head Office and Corporate Services","00005654","B2","48421","60130","Senior Economist","2.00","Economics"
"Ministry of Defence","Ministry of Defence","Army","1167535","Retired Offr 2","30437","36696","Community Service","1.00","Operational Delivery"
"Ministry of Defence","Ministry of Defence","Navy Command","1105340","3/O (SE)","38020","38020","Direct Military Support","10.00","Operational Delivery"
"Ministry of Defence","Ministry of Defence","Defence Equipment and Support","00009000","OF3","48934","58605","Military","429.00","Military"
"Ministry of Defence","Ministry of Defence","Head Office and Corporate Services","00005654","C1","36004","44711","Statistician","1.00","Statisticians"
"Ministry of Defence","Ministry of Defence","Army","1167535","Retired Offr 2","30437","36696","Direct Military Support","12.07","Operational Delivery"
"Ministry of Defence","Ministry of Defence","Navy Command","1105340","3/O (X)","35022","35022","Direct Military Support","53.00","Operational Delivery"
"Ministry of Defence","Ministry of Defence","Defence Equipment and Support","00009000","OF4","68679","79524","Military","210.00","Military"
"Ministry of Defence","Ministry of Defence","Head Office and Corporate Services","00005654","C1","36004","44711","Economist","1.00","Economics"
"Ministry of Defence","Ministry of Defence","Army","1167535","Retired Offr 2","30437","36696","Obsolete Security","1.00","Operational Delivery"
"Ministry of Defence","Ministry of Defence","Navy Command","1105340","ASST (CK)","30248","30248","Direct Military Support","68.00","Operational Delivery"
"Ministry of Defence","Ministry of Defence","Defence Equipment and Support","00009000","OF5","83205","91466","Military","88.00","Military"
"Ministry of Defence","Ministry of Defence","Head Office and Corporate Services","00005654","C2","29551","36696","Information Technology","2.00","Information Technology"
"Ministry of Defence","Ministry of Defence","Army","1167535","Retired Offr 2","30437","36696","Range Management","1.00","Property and asset management"
"Ministry of Defence","Ministry of Defence","Navy Command","1105340","C/O (E)","58722","58722","Direct Military Support","20.00","Operational Delivery"
"Ministry of Defence","Ministry of Defence","Defence Equipment and Support","00009000","OR1","17945","29651","Military","15.00","Military"
"Ministry of Defence","Ministry of Defence","Head Office and Corporate Services","00005654","C2","29551","36696","Statistical Analysis","6.00","Statisticians"
"Ministry of Defence","Ministry of Defence","Army","1167535","Retired Offr 2","30437","36696","Service HR Expert","2.00","Human Resources"
"Ministry of Defence","Ministry of Defence","Navy Command","1105340","C/O (LS)","58153","58153","Direct Military Support","10.00","Operational Delivery"
"Ministry of Defence","Ministry of Defence","Defence Equipment and Support","00009000","OR2","17945","29651","Military","3.00","Military"
"Ministry of Defence","Ministry of Defence","Head Office and Corporate Services","00005654","D","23661","29383","Statistical Support Officer","5.00","Statisticians"
"Ministry of Defence","Ministry of Defence","Army","1167535","Retired Offr 2","30437","36696","Service HR Service Provider","2.00","Human Resources"
"Ministry of Defence","Ministry of Defence","Navy Command","1105340","C/O (SE)","60443","60443","Direct Military Support","5.00","Operational Delivery"
"Ministry of Defence","Ministry of Defence","Defence Equipment and Support","00009000","OR3","17945","29651","Military","25.00","Military"
"Ministry of Defence","Ministry of Defence","Head Office and Corporate Services","00005654","D","23661","29383","Information Technology","2.00","Information Technology"
"Ministry of Defence","Ministry of Defence","Army","1167535","Retired Offr 2","30437","36696","Soft Facilities Management","1.00","Property and asset management"
"Ministry of Defence","Ministry of Defence","Navy Command","1105340","C/O (X)","59936","59936","Direct Military Support","24.00","Operational Delivery"
"Ministry of Defence","Ministry of Defence","Defence Equipment and Support","00009000","OR4","27054","33998","Military","75.00","Military"
"Ministry of Defence","Ministry of Defence","Head Office and Corporate Services","00005654","B1","57000","72907","Scrutiny","4.00","Finance"
"Ministry of Defence","Ministry of Defence","Army","1167535","Retired Offr 2","30437","36696","Teaching","1.00","Operational Delivery"
"Ministry of Defence","Ministry of Defence","Defence Equipment and Support","00009000","OR6","30750","37836","Military","104.00","Military"
"Ministry of Defence","Ministry of Defence","Head Office and Corporate Services","00005654","B1","57000","72907","Operational Analysis","1.00","Statisticians"
"Ministry of Defence","Ministry of Defence","Army","1167535","Retired Offr 2","30437","36696","Training Support","2.00","Operational Delivery"
"Ministry of Defence","Ministry of Defence","Defence Equipment and Support","00009000","OR7","34039","44315","Military","316.00","Military"
"Ministry of Defence","Ministry of Defence","Head Office and Corporate Services","00005654","B2","48421","60130","Scrutiny","1.00","Finance"
"Ministry of Defence","Ministry of Defence","Army","1167535","Retired Offr 3","25856","29383","Business Management","4.00","Operational Delivery"
"Ministry of Defence","Ministry of Defence","Defence Equipment and Support","00009000","OR8","34039","44315","Military","72.00","Military"
"Ministry of Defence","Ministry of Defence","Head Office and Corporate Services","00005654","B2","48421","60130","Operational Analysis","2.00","Statisticians"
"Ministry of Defence","Ministry of Defence","Army","1167535","Retired Offr 3","25856","29383","Direct Military Support","2.00","Operational Delivery"
"Ministry of Defence","Ministry of Defence","Defence Equipment and Support","00009000","OR9","39548","47902","Military","142.00","Military"
"Ministry of Defence","Ministry of Defence","Head Office and Corporate Services","00005654","E1","18554","22345","Secretarial","1.00","Other"
"Ministry of Defence","Ministry of Defence","Army","1167535","Retired Offr 3","25856","29383","Programme Management","1.00","Programme and Project Management (PPM)"
"Ministry of Defence","Ministry of Defence","Defence Equipment and Support","00009000","B2","48421","60130","Teaching","1.00","Operational Delivery"
"Ministry of Defence","Ministry of Defence","Head Office and Corporate Services","00005654","B1","57000","72907","Business Manager","1.00","Planning"
"Ministry of Defence","Ministry of Defence","Army","1167535","Retired Offr 3","25856","29383","Service HR Service Provider","1.00","Human Resources"
"Ministry of Defence","Ministry of Defence","Defence Equipment and Support","00009000","Retired Offr 1","38197","44711","WOME Safety","1.00","Science and Engineering"
"Ministry of Defence","Ministry of Defence","Head Office and Corporate Services","00005654","B2","48421","60130","Defence Policy and Commitments","1.00","Policy"
"Ministry of Defence","Ministry of Defence","Army","1167535","School Meals Organiser","22352","26266","Soft Facilities Management","1.00","Property and asset management"
"Ministry of Defence","Ministry of Defence","Defence Equipment and Support","00009000","Retired Offr 2","30437","36696","Direct Military Support","1.00","Operational Delivery"
"Ministry of Defence","Ministry of Defence","Head Office and Corporate Services","00005654","B2","48421","60130","Programme Management","1.00","Programme and Project Management (PPM)"
"Ministry of Defence","Ministry of Defence","Army","1167535","Scot Teacher Scale 1 (Secy)","21438","34200","Community Service","0.94","Operational Delivery"
"Ministry of Defence","Ministry of Defence","Defence Equipment and Support","00009000","SALMO","42596","60144","Salvage and Marine Operations","13.00","Operational Delivery"
"Ministry of Defence","Ministry of Defence","Head Office and Corporate Services","00005654","B2","48421","60130","Information Technology","1.00","Information Technology"
"Ministry of Defence","Ministry of Defence","Army","1167535","Scot Teacher Scale 1 (Secy)","21438","34200","Teaching","17.54","Operational Delivery"
"Ministry of Defence","Ministry of Defence","Defence Equipment and Support","00009000","Salvage Electrician","24027","33245","Salvage and Marine Operations","3.00","Operational Delivery"
"Ministry of Defence","Ministry of Defence","Head Office and Corporate Services","00005654","C1","36004","44711","Knowledge Information Management Support Officer","2.00","Knowledge and Information Management (KIM)"
"Ministry of Defence","Ministry of Defence","Army","1167535","Scot Teacher Scale 2 (Pry)","21438","34200","Teaching","1.88","Operational Delivery"
"Ministry of Defence","Ministry of Defence","Defence Equipment and Support","00009000","Salvage Engineer","27594","39597","Salvage and Marine Operations","1.00","Operational Delivery"
"Ministry of Defence","Ministry of Defence","Head Office and Corporate Services","00005654","C1","36004","44711","Project Manager","2.00","Programme and Project Management (PPM)"
"Ministry of Defence","Ministry of Defence","Army","1167535","Sen YC Off","41547","49933","Community Development Work","1.00","Operational Delivery"
"Ministry of Defence","Ministry of Defence","Defence Equipment and Support","00009000","Salvage Operations Manager","27594","39597","Salvage and Marine Operations","1.00","Operational Delivery"
"Ministry of Defence","Ministry of Defence","Head Office and Corporate Services","00005654","C1","36004","44711","Security Policy","1.00","Other"
"Ministry of Defence","Ministry of Defence","Army","1167535","Senior Teacher","42379","86365","Information Technology","0.81","Information Technology"
"Ministry of Defence","Ministry of Defence","Defence Equipment and Support","00009000","Salvage Operations Manager","27594","39597","Salvage and Marine Operations","2.00","Operational Delivery"
"Ministry of Defence","Ministry of Defence","Head Office and Corporate Services","00005654","C2","29551","36696","Soft Facilities Management","1.00","Property and asset management"
"Ministry of Defence","Ministry of Defence","Army","1167535","Senior Teacher","42379","86365","Teaching L'ship","1.62","Operational Delivery"
"Ministry of Defence","Ministry of Defence","Defence Equipment and Support","00009000","Salvage Operations Manager","27594","39597","Salvage and Marine Operations","2.00","Operational Delivery"
"Ministry of Defence","Ministry of Defence","Head Office and Corporate Services","00005654","C2","29551","36696","Knowledge & Information Management Manager","8.00","Knowledge and Information Management (KIM)"
"Ministry of Defence","Ministry of Defence","Army","1167535","Skill Zone 1","15234","16647","Administrative Support","3.00","Operational Delivery"
"Ministry of Defence","Ministry of Defence","Defence Equipment and Support","00009000","Salvage Operations Manager","27594","39597","Salvage and Marine Operations","3.00","Operational Delivery"
"Ministry of Defence","Ministry of Defence","Head Office and Corporate Services","00005654","C2","29551","36696","Project Manager","2.00","Programme and Project Management (PPM)"
"Ministry of Defence","Ministry of Defence","Army","1167535","Skill Zone 1","15234","16647","Business Management","12.00","Operational Delivery"
"Ministry of Defence","Ministry of Defence","Defence Equipment and Support","00009000","Salvage Supervisor","24027","33245","Salvage and Marine Operations","4.00","Operational Delivery"
"Ministry of Defence","Ministry of Defence","Head Office and Corporate Services","00005654","C2","29551","36696","Security Management","4.00","Other"
"Ministry of Defence","Ministry of Defence","Army","1167535","Skill Zone 1","15234","16647","Community Development Work","3.00","Operational Delivery"
"Ministry of Defence","Ministry of Defence","Defence Equipment and Support","00009000","Skill Zone 1","15234","16647","AeroEng(Aero/Struct/Mech)","1.00","Science and Engineering"
"Ministry of Defence","Ministry of Defence","Head Office and Corporate Services","00005654","C2","29551","36696","Business Risk Management","1.00","Planning"
"Ministry of Defence","Ministry of Defence","Army","1167535","Skill Zone 1","15234","16647","Community Service","4.54","Operational Delivery"
"Ministry of Defence","Ministry of Defence","Defence Equipment and Support","00009000","Skill Zone 1","15234","16647","Driving","1.00","Operational Delivery"
"Ministry of Defence","Ministry of Defence","Head Office and Corporate Services","00005654","D","23661","29383","Knowledge Information Management Support Officer","6.00","Knowledge and Information Management (KIM)"
"Ministry of Defence","Ministry of Defence","Army","1167535","Skill Zone 1","15234","16647","Driving","5.00","Operational Delivery"
"Ministry of Defence","Ministry of Defence","Defence Equipment and Support","00009000","Skill Zone 1","15234","16647","Logistics [Trades]","1.00","Operational Delivery"
"Ministry of Defence","Ministry of Defence","Head Office and Corporate Services","00005654","D","23661","29383","Security Support","3.00","Other"
"Ministry of Defence","Ministry of Defence","Army","1167535","Skill Zone 1","15234","16647","Environmental Health","0.59","Operational Delivery"
"Ministry of Defence","Ministry of Defence","Defence Equipment and Support","00009000","Skill Zone 1","15234","16647","Storekeeping/WarehouseOps","7.54","Operational Delivery"
"Ministry of Defence","Ministry of Defence","Head Office and Corporate Services","00005654","E1","18554","22345","Knowledge Information Management Support Officer","16.00","Knowledge and Information Management (KIM)"
"Ministry of Defence","Ministry of Defence","Army","1167535","Skill Zone 1","15234","16647","EnvironmentalManagementAssessm","1.00","Operational Delivery"
"Ministry of Defence","Ministry of Defence","Defence Equipment and Support","00009000","Skill Zone 1","15234","16647","Technical [Trades]","1.00","Science and Engineering"
"Ministry of Defence","Ministry of Defence","Head Office and Corporate Services","00005654","E1","18554","22345","Secretarial","1.00","Other"
"Ministry of Defence","Ministry of Defence","Army","1167535","Skill Zone 1","15234","16647","Information Technology","1.00","Information Technology"
"Ministry of Defence","Ministry of Defence","Defence Equipment and Support","00009000","Skill Zone 1","15234","16647","WOME Production","1.89","Science and Engineering"
"Ministry of Defence","Ministry of Defence","Head Office and Corporate Services","00005654","E1","18554","22345","Security Support","6.00","Other"
"Ministry of Defence","Ministry of Defence","Army","1167535","Skill Zone 1","15234","16647","Material Accounting","1.00","Operational Delivery"
"Ministry of Defence","Ministry of Defence","Defence Equipment and Support","00009000","Skill Zone 2","16647","18190","AeroEng(Aero/Struct/Mech)","1.00","Science and Engineering"
"Ministry of Defence","Ministry of Defence","Head Office and Corporate Services","00005654","B2","48421","60130","Programme Management","4.00","Programme and Project Management (PPM)"
"Ministry of Defence","Ministry of Defence","Army","1167535","Skill Zone 1","15234","16647","Museum","5.85","Knowledge and Information Management (KIM)"
"Ministry of Defence","Ministry of Defence","Defence Equipment and Support","00009000","Skill Zone 2","16647","18190","Community Service","1.00","Operational Delivery"
"Ministry of Defence","Ministry of Defence","Head Office and Corporate Services","00005654","C1","36004","44711","Programme Manager","13.00","Programme and Project Management (PPM)"
"Ministry of Defence","Ministry of Defence","Army","1167535","Skill Zone 1","15234","16647","Postal & Courier","4.00","Operational Delivery"
"Ministry of Defence","Ministry of Defence","Defence Equipment and Support","00009000","Skill Zone 2","16647","18190","Driving","4.00","Operational Delivery"
"Ministry of Defence","Ministry of Defence","Head Office and Corporate Services","00005654","C2","29551","36696","Programme Manager","6.00","Programme and Project Management (PPM)"
"Ministry of Defence","Ministry of Defence","Army","1167535","Skill Zone 1","15234","16647","Range Management","2.00","Property and asset management"
"Ministry of Defence","Ministry of Defence","Defence Equipment and Support","00009000","Skill Zone 2","16647","18190","Driving","3.00","Operational Delivery"
"Ministry of Defence","Ministry of Defence","Head Office and Corporate Services","00005654","D","23661","29383","Programme Support Officer","2.00","Programme and Project Management (PPM)"
"Ministry of Defence","Ministry of Defence","Army","1167535","Skill Zone 1","15234","16647","Safety,Health,Enviroment&Fire","1.00","Operational Delivery"
"Ministry of Defence","Ministry of Defence","Defence Equipment and Support","00009000","Skill Zone 2","16647","18190","Driving","8.00","Operational Delivery"
"Ministry of Defence","Ministry of Defence","Head Office and Corporate Services","00005654","E1","18554","22345","Secretarial","1.00","Other"
"Ministry of Defence","Ministry of Defence","Army","1167535","Skill Zone 1","15234","16647","Site Estate","124.93","Property and asset management"
"Ministry of Defence","Ministry of Defence","Defence Equipment and Support","00009000","Skill Zone 2","16647","18190","Inventory Management","1.00","Operational Delivery"
"Ministry of Defence","Ministry of Defence","Head Office and Corporate Services","00005654","B1","57000","72907","Scrutiny","1.00","Other"
"Ministry of Defence","Ministry of Defence","Army","1167535","Skill Zone 1","15234","16647","Soft Facilities Management","510.86","Property and asset management"
"Ministry of Defence","Ministry of Defence","Defence Equipment and Support","00009000","Skill Zone 2","16647","18190","Logistics [Trades]","14.00","Operational Delivery"
"Ministry of Defence","Ministry of Defence","Head Office and Corporate Services","00005654","B1","57000","72907","Project Management","2.00","Programme and Project Management (PPM)"
"Ministry of Defence","Ministry of Defence","Army","1167535","Skill Zone 1","15234","16647","Storekeeping/WarehouseOps","38.22","Operational Delivery"
"Ministry of Defence","Ministry of Defence","Defence Equipment and Support","00009000","Skill Zone 2","16647","18190","Logistics [Trades]","7.00","Operational Delivery"
"Ministry of Defence","Ministry of Defence","Head Office and Corporate Services","00005654","B2","48421","60130","Project Management","2.00","Programme and Project Management (PPM)"
"Ministry of Defence","Ministry of Defence","Army","1167535","Skill Zone 1","15234","16647","Technical [Trades]","54.42","Science and Engineering"
"Ministry of Defence","Ministry of Defence","Defence Equipment and Support","00009000","Skill Zone 2","16647","18190","Logistics [Trades]","2.00","Operational Delivery"
"Ministry of Defence","Ministry of Defence","Head Office and Corporate Services","00005654","B2","48421","60130","Scrutiny","3.00","Other"
"Ministry of Defence","Ministry of Defence","Army","1167535","Skill Zone 2","16647","18190","Administrative Support","2.00","Operational Delivery"
"Ministry of Defence","Ministry of Defence","Defence Equipment and Support","00009000","Skill Zone 2","16647","18190","Material Accounting","5.50","Operational Delivery"
"Ministry of Defence","Ministry of Defence","Head Office and Corporate Services","00005654","C1","36004","44711","Scrutiny","4.00","Other"
"Ministry of Defence","Ministry of Defence","Army","1167535","Skill Zone 2","16647","18190","Business Management","6.00","Operational Delivery"
"Ministry of Defence","Ministry of Defence","Defence Equipment and Support","00009000","Skill Zone 2","16647","18190","Postal & Courier","1.00","Operational Delivery"
"Ministry of Defence","Ministry of Defence","Head Office and Corporate Services","00005654","C1","36004","44711","Project Management","9.00","Programme and Project Management (PPM)"
"Ministry of Defence","Ministry of Defence","Army","1167535","Skill Zone 2","16647","18190","Community Service","1.00","Operational Delivery"
"Ministry of Defence","Ministry of Defence","Defence Equipment and Support","00009000","Skill Zone 2","16647","18190","Soft Facilities Management","1.00","Property and asset management"
"Ministry of Defence","Ministry of Defence","Head Office and Corporate Services","00005654","C2","29551","36696","Scrutiny","7.00","Other"
"Ministry of Defence","Ministry of Defence","Army","1167535","Skill Zone 2","16647","18190","Direct Military Support","1.00","Operational Delivery"
"Ministry of Defence","Ministry of Defence","Defence Equipment and Support","00009000","Skill Zone 2","16647","18190","Storekeeping/WarehouseOps","64.19","Operational Delivery"
"Ministry of Defence","Ministry of Defence","Head Office and Corporate Services","00005654","C2","29551","36696","Project Management","5.00","Programme and Project Management (PPM)"
"Ministry of Defence","Ministry of Defence","Army","1167535","Skill Zone 2","16647","18190","Driving","10.00","Operational Delivery"
"Ministry of Defence","Ministry of Defence","Defence Equipment and Support","00009000","Skill Zone 2","16647","18190","Storekeeping/WarehouseOps","69.64","Operational Delivery"
"Ministry of Defence","Ministry of Defence","Head Office and Corporate Services","00005654","D","23661","29383","Project Management","2.00","Programme and Project Management (PPM)"
"Ministry of Defence","Ministry of Defence","Army","1167535","Skill Zone 2","16647","18190","Driving","214.04","Operational Delivery"
"Ministry of Defence","Ministry of Defence","Defence Equipment and Support","00009000","Skill Zone 2","16647","18190","Storekeeping/WarehouseOps","426.71","Operational Delivery"
"Ministry of Defence","Ministry of Defence","Head Office and Corporate Services","00005654","D","23661","29383","Secretariat & Private Office","1.00","Other"
"Ministry of Defence","Ministry of Defence","Army","1167535","Skill Zone 2","16647","18190","Driving","1.00","Operational Delivery"
"Ministry of Defence","Ministry of Defence","Defence Equipment and Support","00009000","Skill Zone 2","16647","18190","Technical [Trades]","1.00","Science and Engineering"
"Ministry of Defence","Ministry of Defence","Head Office and Corporate Services","00005654","OF3","48934","58605","Scrutiny","4.00","Other"
"Ministry of Defence","Ministry of Defence","Army","1167535","Skill Zone 2","16647","18190","Inventory Management","2.00","Operational Delivery"
"Ministry of Defence","Ministry of Defence","Defence Equipment and Support","00009000","Skill Zone 2","16647","18190","Technical [Trades]","8.00","Science and Engineering"
"Ministry of Defence","Ministry of Defence","Head Office and Corporate Services","00005654","B1","57000","72907","Decision Support","1.00","Finance"
"Ministry of Defence","Ministry of Defence","Army","1167535","Skill Zone 2","16647","18190","Material Accounting","1.00","Operational Delivery"
"Ministry of Defence","Ministry of Defence","Defence Equipment and Support","00009000","Skill Zone 2","16647","18190","Technical [Trades]","8.00","Science and Engineering"
"Ministry of Defence","Ministry of Defence","Head Office and Corporate Services","00005654","B1","57000","72907","Performance Management","1.00","Programme and Project Management (PPM)"
"Ministry of Defence","Ministry of Defence","Army","1167535","Skill Zone 2","16647","18190","Museum","2.00","Knowledge and Information Management (KIM)"
"Ministry of Defence","Ministry of Defence","Defence Equipment and Support","00009000","Skill Zone 2","16647","18190","Transport & Movement","6.00","Operational Delivery"
"Ministry of Defence","Ministry of Defence","Head Office and Corporate Services","00005654","OF5","83205","91466","Performance Management","1.00","Programme and Project Management (PPM)"
"Ministry of Defence","Ministry of Defence","Army","1167535","Skill Zone 2","16647","18190","Range Management","6.43","Property and asset management"
"Ministry of Defence","Ministry of Defence","Defence Equipment and Support","00009000","Skill Zone 2","16647","18190","Transport & Movement","7.00","Operational Delivery"
"Ministry of Defence","Ministry of Defence","Head Office and Corporate Services","00005654","B2","48421","60130","Programme Manager","2.00","Programme and Project Management (PPM)"
"Ministry of Defence","Ministry of Defence","Army","1167535","Skill Zone 2","16647","18190","Safety,Health,Enviroment&Fire","11.04","Operational Delivery"
"Ministry of Defence","Ministry of Defence","Defence Equipment and Support","00009000","Skill Zone 2","16647","18190","Transport & Movement","5.00","Operational Delivery"
"Ministry of Defence","Ministry of Defence","Head Office and Corporate Services","00005654","C1","36004","44711","Programme Manager","3.00","Programme and Project Management (PPM)"
"Ministry of Defence","Ministry of Defence","Army","1167535","Skill Zone 2","16647","18190","Site Estate","6.00","Property and asset management"
"Ministry of Defence","Ministry of Defence","Defence Equipment and Support","00009000","Skill Zone 2","16647","18190","WOME Assets","2.00","Science and Engineering"
"Ministry of Defence","Ministry of Defence","Head Office and Corporate Services","00005654","C2","29551","36696","Reporting and Controls","1.00","Programme and Project Management (PPM)"
"Ministry of Defence","Ministry of Defence","Army","1167535","Skill Zone 2","16647","18190","Site Estate","1.00","Property and asset management"
"Ministry of Defence","Ministry of Defence","Defence Equipment and Support","00009000","Skill Zone 2","16647","18190","WOME Assets","27.00","Science and Engineering"
"Ministry of Defence","Ministry of Defence","Head Office and Corporate Services","00005654","Fast Stream Grade Band C2","29551","36696","Corporate Support","1.00","Policy"
"Ministry of Defence","Ministry of Defence","Army","1167535","Skill Zone 2","16647","18190","Soft Facilities Management","73.05","Property and asset management"
"Ministry of Defence","Ministry of Defence","Defence Equipment and Support","00009000","Skill Zone 2","16647","18190","WOME Assets","17.00","Science and Engineering"
"Ministry of Defence","Ministry of Defence","Head Office and Corporate Services","00005654","E1","18554","22345","Secretarial","1.00","Other"
"Ministry of Defence","Ministry of Defence","Army","1167535","Skill Zone 2","16647","18190","Storekeeping/WarehouseOps","651.19","Operational Delivery"
"Ministry of Defence","Ministry of Defence","Defence Equipment and Support","00009000","Skill Zone 2","16647","18190","WOME Production","23.00","Science and Engineering"
"Ministry of Defence","Ministry of Defence","Head Office and Corporate Services","00005654","B1","57000","72907","Scrutiny","2.00","Finance"
"Ministry of Defence","Ministry of Defence","Army","1167535","Skill Zone 2","16647","18190","Storekeeping/WarehouseOps","1.00","Operational Delivery"
"Ministry of Defence","Ministry of Defence","Defence Equipment and Support","00009000","Skill Zone 2","16647","18190","WOME Production","67.79","Science and Engineering"
"Ministry of Defence","Ministry of Defence","Head Office and Corporate Services","00005654","B2","48421","60130","Scrutiny","3.00","Finance"
"Ministry of Defence","Ministry of Defence","Army","1167535","Skill Zone 2","16647","18190","Technical [Trades]","26.69","Science and Engineering"
"Ministry of Defence","Ministry of Defence","Defence Equipment and Support","00009000","Skill Zone 2","16647","18190","WOME Production","21.00","Science and Engineering"
"Ministry of Defence","Ministry of Defence","Head Office and Corporate Services","00005654","B1","57000","72907","Defence Policy and Commitments","1.00","Policy"
"Ministry of Defence","Ministry of Defence","Army","1167535","Skill Zone 2","16647","18190","Training Support","2.00","Operational Delivery"
"Ministry of Defence","Ministry of Defence","Defence Equipment and Support","00009000","Skill Zone 3","18190","22372","AeroEng(Aero/Struct/Mech)","1.00","Science and Engineering"
"Ministry of Defence","Ministry of Defence","Head Office and Corporate Services","00005654","B1","57000","72907","Business Management and Improvement","2.00","Planning"
"Ministry of Defence","Ministry of Defence","Army","1167535","Skill Zone 2","16647","18190","Transport & Movement","1.00","Operational Delivery"
"Ministry of Defence","Ministry of Defence","Defence Equipment and Support","00009000","Skill Zone 3","18190","22372","Audit and Assurance","1.00","Internal Audit"
"Ministry of Defence","Ministry of Defence","Head Office and Corporate Services","00005654","B2","48421","60130","Digital and Social Media","1.00","Policy"
"Ministry of Defence","Ministry of Defence","Army","1167535","Skill Zone 3","18190","22372","Administrative Support","1.00","Operational Delivery"
"Ministry of Defence","Ministry of Defence","Defence Equipment and Support","00009000","Skill Zone 3","18190","22372","Configuration Management","1.00","Planning"
"Ministry of Defence","Ministry of Defence","Head Office and Corporate Services","00005654","B2","48421","60130","Business Management and Improvement","1.00","Planning"
"Ministry of Defence","Ministry of Defence","Army","1167535","Skill Zone 3","18190","22372","Driving","163.43","Operational Delivery"
"Ministry of Defence","Ministry of Defence","Defence Equipment and Support","00009000","Skill Zone 3","18190","22372","Direct Military Support","1.00","Operational Delivery"
"Ministry of Defence","Ministry of Defence","Head Office and Corporate Services","00005654","C1","36004","44711","Business Management and Improvement","3.00","Planning"
"Ministry of Defence","Ministry of Defence","Army","1167535","Skill Zone 3","18190","22372","Employee Representative","1.00","Human Resources"
"Ministry of Defence","Ministry of Defence","Defence Equipment and Support","00009000","Skill Zone 3","18190","22372","Driving","10.00","Operational Delivery"
"Ministry of Defence","Ministry of Defence","Head Office and Corporate Services","00005654","C1","36004","44711","Secretariat & Private Office","1.00","Other"
"Ministry of Defence","Ministry of Defence","Army","1167535","Skill Zone 3","18190","22372","Engineering Civ Apprentices","1.00","Science and Engineering"
"Ministry of Defence","Ministry of Defence","Defence Equipment and Support","00009000","Skill Zone 3","18190","22372","Driving","16.00","Operational Delivery"
"Ministry of Defence","Ministry of Defence","Head Office and Corporate Services","00005654","C1","36004","44711","Internal Communications","1.00","Communications"
"Ministry of Defence","Ministry of Defence","Army","1167535","Skill Zone 3","18190","22372","Inventory Management","1.00","Operational Delivery"
"Ministry of Defence","Ministry of Defence","Defence Equipment and Support","00009000","Skill Zone 3","18190","22372","Driving","79.64","Operational Delivery"
"Ministry of Defence","Ministry of Defence","Head Office and Corporate Services","00005654","C1","36004","44711","Programme Manager","1.00","Programme and Project Management (PPM)"
"Ministry of Defence","Ministry of Defence","Army","1167535","Skill Zone 3","18190","22372","Port Operations","1.00","Operational Delivery"
"Ministry of Defence","Ministry of Defence","Defence Equipment and Support","00009000","Skill Zone 3","18190","22372","Employee Representative","1.00","Human Resources"
"Ministry of Defence","Ministry of Defence","Head Office and Corporate Services","00005654","C2","29551","36696","Defence Policy and Commitments","1.00","Policy"
"Ministry of Defence","Ministry of Defence","Army","1167535","Skill Zone 3","18190","22372","Site Estate","4.00","Property and asset management"
"Ministry of Defence","Ministry of Defence","Defence Equipment and Support","00009000","Skill Zone 3","18190","22372","Information Technology","1.00","Information Technology"
"Ministry of Defence","Ministry of Defence","Head Office and Corporate Services","00005654","C2","29551","36696","Secretarial","1.00","Other"
"Ministry of Defence","Ministry of Defence","Army","1167535","Skill Zone 3","18190","22372","Soft Facilities Management","8.86","Property and asset management"
"Ministry of Defence","Ministry of Defence","Defence Equipment and Support","00009000","Skill Zone 3","18190","22372","Logistics [Trades]","2.00","Operational Delivery"
"Ministry of Defence","Ministry of Defence","Head Office and Corporate Services","00005654","D","23661","29383","Secretarial","1.00","Other"
"Ministry of Defence","Ministry of Defence","Army","1167535","Skill Zone 3","18190","22372","Storekeeping/WarehouseOps","108.78","Operational Delivery"
"Ministry of Defence","Ministry of Defence","Defence Equipment and Support","00009000","Skill Zone 3","18190","22372","Logistics [Trades]","1.00","Operational Delivery"
"Ministry of Defence","Ministry of Defence","Head Office and Corporate Services","00005654","D","23661","29383","Knowledge Information Management Support Officer","1.00","Knowledge and Information Management (KIM)"
"Ministry of Defence","Ministry of Defence","Army","1167535","Skill Zone 3","18190","22372","Storekeeping/WarehouseOps","1.00","Operational Delivery"
"Ministry of Defence","Ministry of Defence","Defence Equipment and Support","00009000","Skill Zone 3","18190","22372","Material Accounting","0.50","Operational Delivery"
"Ministry of Defence","Ministry of Defence","Head Office and Corporate Services","00005654","D","23661","29383","Secretariat & Private Office","1.00","Other"
"Ministry of Defence","Ministry of Defence","Army","1167535","Skill Zone 3","18190","22372","Technical [Trades]","393.15","Science and Engineering"
"Ministry of Defence","Ministry of Defence","Defence Equipment and Support","00009000","Skill Zone 3","18190","22372","Postal & Courier","28.00","Operational Delivery"
"Ministry of Defence","Ministry of Defence","Head Office and Corporate Services","00005654","E1","18554","22345","Knowledge Information Management Support Officer","1.00","Knowledge and Information Management (KIM)"
"Ministry of Defence","Ministry of Defence","Army","1167535","Skill Zone 3","18190","22372","Supply Chain Mgt and Policy","4.00","Operational Delivery"
"Ministry of Defence","Ministry of Defence","Defence Equipment and Support","00009000","Skill Zone 3","18190","22372","Postal & Courier","21.00","Operational Delivery"
"Ministry of Defence","Ministry of Defence","Head Office and Corporate Services","00005654","OF4","68679","79524","Business Management and Improvement","1.00","Planning"
"Ministry of Defence","Ministry of Defence","Army","1167535","Skill Zone 3","18190","22372","Training Support","0.80","Operational Delivery"
"Ministry of Defence","Ministry of Defence","Defence Equipment and Support","00009000","Skill Zone 3","18190","22372","Safety,Health,Enviroment&Fire","1.00","Operational Delivery"
"Ministry of Defence","Ministry of Defence","Head Office and Corporate Services","00005654","B1","57000","72907","Performance Management","1.00","Programme and Project Management (PPM)"
"Ministry of Defence","Ministry of Defence","Army","1167535","Skill Zone 3","18190","22372","Transport & Movement","1.00","Operational Delivery"
"Ministry of Defence","Ministry of Defence","Defence Equipment and Support","00009000","Skill Zone 3","18190","22372","Storekeeping/WarehouseOps","16.00","Operational Delivery"
"Ministry of Defence","Ministry of Defence","Head Office and Corporate Services","00005654","B2","48421","60130","Consultancy","1.00","Other"
"Ministry of Defence","Ministry of Defence","Army","1167535","Skill Zone 3","18190","22372","WOME Production","1.00","Science and Engineering"
"Ministry of Defence","Ministry of Defence","Defence Equipment and Support","00009000","Skill Zone 3","18190","22372","Storekeeping/WarehouseOps","19.00","Operational Delivery"
"Ministry of Defence","Ministry of Defence","Head Office and Corporate Services","00005654","B2","48421","60130","Business Management and Improvement","1.00","Planning"
"Ministry of Defence","Ministry of Defence","Army","1167535","Skill Zone 3","18190","22372","WOME Production","2.00","Science and Engineering"
"Ministry of Defence","Ministry of Defence","Defence Equipment and Support","00009000","Skill Zone 3","18190","22372","Storekeeping/WarehouseOps","50.00","Operational Delivery"
"Ministry of Defence","Ministry of Defence","Head Office and Corporate Services","00005654","C1","36004","44711","Business Management and Improvement","1.00","Planning"
"Ministry of Defence","Ministry of Defence","Army","1167535","Skill Zone 4","22372","25179","Storekeeping/WarehouseOps","1.00","Operational Delivery"
"Ministry of Defence","Ministry of Defence","Defence Equipment and Support","00009000","Skill Zone 3","18190","22372","Technical [Trades]","8.00","Science and Engineering"
"Ministry of Defence","Ministry of Defence","Head Office and Corporate Services","00005654","C1","36004","44711","Consultancy","2.00","Other"
"Ministry of Defence","Ministry of Defence","Army","1167535","Skill Zone 4","22372","25179","Technical [Trades]","84.78","Science and Engineering"
"Ministry of Defence","Ministry of Defence","Defence Equipment and Support","00009000","Skill Zone 3","18190","22372","Technical [Trades]","78.00","Science and Engineering"
"Ministry of Defence","Ministry of Defence","Head Office and Corporate Services","00005654","D","23661","29383","Defence Policy and Commitments","1.00","Policy"
"Ministry of Defence","Ministry of Defence","Army","1167535","Skill Zone 4","22372","25179","Transport & Movement","1.00","Operational Delivery"
"Ministry of Defence","Ministry of Defence","Defence Equipment and Support","00009000","Skill Zone 3","18190","22372","Technical [Trades]","41.27","Science and Engineering"
"Ministry of Defence","Ministry of Defence","Head Office and Corporate Services","00005654","E1","18554","22345","Secretarial","1.00","Other"
"Ministry of Defence","Ministry of Defence","Army","1167535","Snr Lect (Sp Resp)(RMAS/BRNC)","35648","44268","Teaching","11.00","Operational Delivery"
"Ministry of Defence","Ministry of Defence","Defence Equipment and Support","00009000","Skill Zone 3","18190","22372","Through Life Support","5.64","Operational Delivery"
"Ministry of Defence","Ministry of Defence","Head Office and Corporate Services","00005654","OF5","83205","91466","Performance Management","1.00","Programme and Project Management (PPM)"
"Ministry of Defence","Ministry of Defence","Army","1167535","Snr Lecturer","45838","47672","Teaching","2.00","Operational Delivery"
"Ministry of Defence","Ministry of Defence","Defence Equipment and Support","00009000","Skill Zone 3","18190","22372","Transport & Movement","2.00","Operational Delivery"
"Ministry of Defence","Ministry of Defence","Head Office and Corporate Services","00005654","C1","36004","44711","Secretarial","1.00","Other"
"Ministry of Defence","Ministry of Defence","Army","1167535","Snr Lecturer (RMAS/BRNC)","35648","47672","Specialist Instruction","1.00","Operational Delivery"
"Ministry of Defence","Ministry of Defence","Defence Equipment and Support","00009000","Skill Zone 3","18190","22372","Transport & Movement","2.00","Operational Delivery"
"Ministry of Defence","Ministry of Defence","Head Office and Corporate Services","00005654","D","23661","29383","Secretarial","1.00","Other"
"Ministry of Defence","Ministry of Defence","Army","1167535","Snr Lecturer (RMAS/BRNC)","35648","47672","Teaching","18.00","Operational Delivery"
"Ministry of Defence","Ministry of Defence","Defence Equipment and Support","00009000","Skill Zone 3","18190","22372","Transport & Movement","2.00","Operational Delivery"
"Ministry of Defence","Ministry of Defence","Head Office and Corporate Services","00005654","E1","18554","22345","Secretarial","1.00","Other"
"Ministry of Defence","Ministry of Defence","Army","1167535","Snr Lecturer TSS-Old Contract","46512","50084","Training Support","1.00","Operational Delivery"
"Ministry of Defence","Ministry of Defence","Defence Equipment and Support","00009000","Skill Zone 3","18190","22372","WOME Assets","1.00","Science and Engineering"
"Ministry of Defence","Ministry of Defence","Head Office and Corporate Services","00005654","OF3","48934","58605","Corporate Support","1.00","Other"
"Ministry of Defence","Ministry of Defence","Army","1167535","Soulbury Tier 2","63924","73616","Teaching Advice/Inspection","1.00","Operational Delivery"
"Ministry of Defence","Ministry of Defence","Defence Equipment and Support","00009000","Skill Zone 3","18190","22372","WOME Assets","10.00","Science and Engineering"
"Ministry of Defence","Ministry of Defence","Head Office and Corporate Services","00005654","B1","57000","72907","Commercial","1.00","Procurement"
"Ministry of Defence","Ministry of Defence","Army","1167535","Soulbury Tier 2-Abated (PCSPS)","61367","70671","Teaching Advice/Inspection","1.00","Operational Delivery"
"Ministry of Defence","Ministry of Defence","Defence Equipment and Support","00009000","Skill Zone 3","18190","22372","WOME Assets","2.00","Science and Engineering"
"Ministry of Defence","Ministry of Defence","Head Office and Corporate Services","00005654","B2","48421","60130","Finance","1.00","Finance"
"Ministry of Defence","Ministry of Defence","Army","1167535","Soulbury Tier 3","60781","67071","Teaching Advice/Inspection","2.00","Operational Delivery"
"Ministry of Defence","Ministry of Defence","Defence Equipment and Support","00009000","Skill Zone 3","18190","22372","WOME Production","4.00","Science and Engineering"
"Ministry of Defence","Ministry of Defence","Head Office and Corporate Services","00005654","C1","36004","44711","Finance","1.00","Finance"
"Ministry of Defence","Ministry of Defence","Army","1167535","Soulbury Tier 3-Abated (PCSPS)","58350","64388","Teaching","1.00","Operational Delivery"
"Ministry of Defence","Ministry of Defence","Defence Equipment and Support","00009000","Skill Zone 3","18190","22372","WOME Production","105.64","Science and Engineering"
"Ministry of Defence","Ministry of Defence","Head Office and Corporate Services","00005654","OF5","83205","91466","Programme Management","4.00","Programme and Project Management (PPM)"
"Ministry of Defence","Ministry of Defence","Army","1167535","Soulbury Tier 3-Abated (PCSPS)","58350","64388","Teaching Advice/Inspection","1.00","Operational Delivery"
"Ministry of Defence","Ministry of Defence","Defence Equipment and Support","00009000","Skill Zone 3","18190","22372","WOME Production","34.00","Science and Engineering"
"Ministry of Defence","Ministry of Defence","Head Office and Corporate Services","00005654","OF4","68679","79524","Programme Management","2.00","Programme and Project Management (PPM)"
"Ministry of Defence","Ministry of Defence","Army","1167535","Soulbury Tier 3-Abated (PCSPS)","58350","64388","Teaching Support","1.00","Operational Delivery"
"Ministry of Defence","Ministry of Defence","Defence Equipment and Support","00009000","Skill Zone 4","22372","25179","Storekeeping/WarehouseOps","1.00","Operational Delivery"
"Ministry of Defence","Ministry of Defence","Head Office and Corporate Services","00005654","C1","36004","44711","Programme Management","2.00","Programme and Project Management (PPM)"
"Ministry of Defence","Ministry of Defence","Army","1167535","Soulbury Tier 4","56738","62876","Teaching","1.00","Operational Delivery"
"Ministry of Defence","Ministry of Defence","Defence Equipment and Support","00009000","Skill Zone 4","22372","25179","Technical [Trades]","3.00","Science and Engineering"
"Ministry of Defence","Ministry of Defence","Head Office and Corporate Services","00005654","E1","18554","22345","Corporate Support","1.00","Other"
"Ministry of Defence","Ministry of Defence","Army","1167535","Soulbury Tier 4","56738","62876","Teaching Advice/Inspection","2.00","Operational Delivery"
"Ministry of Defence","Ministry of Defence","Defence Equipment and Support","00009000","Skill Zone 4","22372","25179","Technical [Trades]","7.60","Science and Engineering"
"Ministry of Defence","Ministry of Defence","Head Office and Corporate Services","00005654","B1","57000","72907","Programme Management","2.00","Programme and Project Management (PPM)"
"Ministry of Defence","Ministry of Defence","Army","1167535","Soulbury Tier 4","56738","62876","Teaching Support","1.00","Operational Delivery"
"Ministry of Defence","Ministry of Defence","Defence Equipment and Support","00009000","Skill Zone 4","22372","25179","WOME Production","1.00","Science and Engineering"
"Ministry of Defence","Ministry of Defence","Head Office and Corporate Services","00005654","B2","48421","60130","Programme Management","1.00","Programme and Project Management (PPM)"
"Ministry of Defence","Ministry of Defence","Army","1167535","Soulbury Tier 4-Abated (PCSPS)","55013","60965","Community Service","1.00","Operational Delivery"
"Ministry of Defence","Ministry of Defence","Defence Equipment and Support","00009000","SPTO (Health Physicist)","53690","55837","Nuclear Propulsion","1.00","Science and Engineering"
"Ministry of Defence","Ministry of Defence","Head Office and Corporate Services","00005654","C1","36004","44711","Programme Management","2.00","Programme and Project Management (PPM)"
"Ministry of Defence","Ministry of Defence","Army","1167535","Soulbury Tier 4-Abated (PCSPS)","55013","60965","Teaching Advice/Inspection","2.00","Operational Delivery"
"Ministry of Defence","Ministry of Defence","Defence Equipment and Support","00009000","SPTO (Health Physicist)","53690","55837","Nuclear Weapons","2.00","Science and Engineering"
"Ministry of Defence","Ministry of Defence","Head Office and Corporate Services","00005654","C2","29551","36696","Programme Management","1.00","Programme and Project Management (PPM)"
"Ministry of Defence","Ministry of Defence","Army","1167535","Soulbury Tier 5","49620","55658","Teaching","1.00","Operational Delivery"
"Ministry of Defence","Ministry of Defence","Defence Equipment and Support","00009000","TUPE General","11352","60000","Administrative Support","4.59","Operational Delivery"
"Ministry of Defence","Ministry of Defence","Head Office and Corporate Services","00005654","D","23661","29383","Programme Management","2.00","Programme and Project Management (PPM)"
"Ministry of Defence","Ministry of Defence","Army","1167535","Soulbury Tier 5","49620","55658","Teaching Advice/Inspection","1.00","Operational Delivery"
"Ministry of Defence","Ministry of Defence","Defence Equipment and Support","00009000","TUPE General","11352","60000","Storekeeping/WarehouseOps","18.00","Operational Delivery"
"Ministry of Defence","Ministry of Defence","Head Office and Corporate Services","00005654","D","23661","29383","Secretarial","1.00","Other"
"Ministry of Defence","Ministry of Defence","Army","1167535","Soulbury Tier 5","49620","55658","Teaching Support","1.00","Operational Delivery"
"Ministry of Defence","Ministry of Defence","Defence Equipment and Support","00009000","Locally Employed Civilian (LEC)","0","0","Locally Employed Civilians","237.00","Operational Delivery"
"Ministry of Defence","Ministry of Defence","Head Office and Corporate Services","00005654","D","23661","29383","Secretarial","1.00","Other"
"Ministry of Defence","Ministry of Defence","Army","1167535","Soulbury Tier 5-Abated (PCSPS)","47635","53432","Teaching","1.00","Operational Delivery"
"Ministry of Defence","Ministry of Defence","Defence Equipment and Support","00009000","Second Officer RFA","28979","51644","Direct Military Support","34.00","Operational Delivery"
"Ministry of Defence","Ministry of Defence","Head Office and Corporate Services","00005654","B2","48421","60130","Service HR Partner","1.00","Human Resources"
"Ministry of Defence","Ministry of Defence","Army","1167535","Soulbury Tier 5-Abated (PCSPS)","47635","53432","Teaching Support","3.00","Operational Delivery"
"Ministry of Defence","Ministry of Defence","Head Office and Corporate Services","00005654","C2 MSF","29551","36696","Service HR Partner","1.00","Human Resources"
"Ministry of Defence","Ministry of Defence","Army","1167535","Soulbury Tier 6","39470","48988","Teaching","0.81","Operational Delivery"
"Ministry of Defence","Ministry of Defence","Head Office and Corporate Services","00005654","E1","18554","22345","Service HR Partner","1.00","Human Resources"
"Ministry of Defence","Ministry of Defence","Army","1167535","Soulbury Tier 6","39470","48988","Teaching Advice/Inspection","9.81","Operational Delivery"
"Ministry of Defence","Ministry of Defence","Head Office and Corporate Services","00005654","D","23661","29383","Secretarial","1.00","Other"
"Ministry of Defence","Ministry of Defence","Army","1167535","Soulbury Tier 6-Abated (PCSPS)","37891","47029","Teaching Advice/Inspection","1.00","Operational Delivery"
"Ministry of Defence","Ministry of Defence","Head Office and Corporate Services","00005654","B1","57000","72907","Audit and Assurance","2.00","Other"
"Ministry of Defence","Ministry of Defence","Army","1167535","Station Manager","36970","38751","Fire Service","37.00","Operational Delivery"
"Ministry of Defence","Ministry of Defence","Head Office and Corporate Services","00005654","B2","48421","60130","Audit and Assurance","3.00","Other"
"Ministry of Defence","Ministry of Defence","Army","1167535","Sub Officer","29873","30808","Fire Service","82.00","Operational Delivery"
"Ministry of Defence","Ministry of Defence","Head Office and Corporate Services","00005654","C1","36004","44711","Audit and Assurance","5.00","Other"
"Ministry of Defence","Ministry of Defence","Army","1167535","Teacher","21804","31868","Business Management","0.81","Operational Delivery"
"Ministry of Defence","Ministry of Defence","Head Office and Corporate Services","00005654","C2","29551","36696","Audit and Assurance","6.00","Other"
"Ministry of Defence","Ministry of Defence","Army","1167535","Teacher","21804","31868","Teaching","226.77","Operational Delivery"
"Ministry of Defence","Ministry of Defence","Head Office and Corporate Services","00005654","D","23661","29383","Audit and Assurance","2.00","Other"
"Ministry of Defence","Ministry of Defence","Army","1167535","Teaching/Learning Support Offr","20092","21736","Teaching Support","4.00","Operational Delivery"
"Ministry of Defence","Ministry of Defence","Head Office and Corporate Services","00005654","B1","57000","72907","Senior Policy Adviser","1.00","Human Resources"
"Ministry of Defence","Ministry of Defence","Army","1167535","Threshold Teacher","34523","37124","Teaching","288.15","Operational Delivery"
"Ministry of Defence","Ministry of Defence","Head Office and Corporate Services","00005654","B1","57000","72907","Senior HR Manager","1.00","Human Resources"
"Ministry of Defence","Ministry of Defence","Army","1167535","Threshold Teacher","34523","37124","Teaching L'ship","4.05","Operational Delivery"
"Ministry of Defence","Ministry of Defence","Head Office and Corporate Services","00005654","B2","48421","60130","Senior HR Manager","6.00","Human Resources"
"Ministry of Defence","Ministry of Defence","Army","1167535","TUPE Babcock 28/07/2012","16482","18010","Site Estate","1.00","Property and asset management"
"Ministry of Defence","Ministry of Defence","Head Office and Corporate Services","00005654","C1","36004","44711","Civilian HR Expert","4.00","Human Resources"
"Ministry of Defence","Ministry of Defence","Army","1167535","TUPE Babcock 28/07/2012","16482","18010","Storekeeping/WarehouseOps","5.00","Operational Delivery"
"Ministry of Defence","Ministry of Defence","Head Office and Corporate Services","00005654","C1","36004","44711","Business Manager","1.00","Human Resources"
"Ministry of Defence","Ministry of Defence","Army","1167535","TUPE SSAFA01/04/10 ADMIN","16482","18010","Secretarial","1.00","Operational Delivery"
"Ministry of Defence","Ministry of Defence","Head Office and Corporate Services","00005654","C2","29551","36696","Civilian HR Expert","7.00","Human Resources"
"Ministry of Defence","Ministry of Defence","Army","1167535","Unqualified Teacher","15976","25267","Teaching","1.62","Operational Delivery"
"Ministry of Defence","Ministry of Defence","Head Office and Corporate Services","00005654","D","23661","29383","Executive Assistant","2.00","Human Resources"
"Ministry of Defence","Ministry of Defence","Army","1167535","Watch Manager - Rank to Role","30458","30875","Fire Service","1.00","Operational Delivery"
"Ministry of Defence","Ministry of Defence","Head Office and Corporate Services","00005654","D","23661","29383","Civilian HR Expert","1.00","Human Resources"
"Ministry of Defence","Ministry of Defence","Army","1167535","Y&C Wkr (Unq)","15324","23485","Community Development Work","21.54","Operational Delivery"
"Ministry of Defence","Ministry of Defence","Head Office and Corporate Services","00005654","E1","18554","22345","Administrative Support","1.00","Human Resources"
"Ministry of Defence","Ministry of Defence","Army","1167535","OF1","16468","33507","Commissioned Officer","1288.00","Military"
"Ministry of Defence","Ministry of Defence","Head Office and Corporate Services","00005654","E1","18554","22345","Secretarial","2.00","Human Resources"
"Ministry of Defence","Ministry of Defence","Army","1167535","OF2","38848","46199","Commissioned Officer","4919.00","Military"
"Ministry of Defence","Ministry of Defence","Head Office and Corporate Services","00005654","Skill Zone 3","18190","22372","Civilian HR Expert","1.00","Human Resources"
"Ministry of Defence","Ministry of Defence","Army","1167535","OF3","48934","58605","Commissioned Officer","3643.00","Military"
"Ministry of Defence","Ministry of Defence","Head Office and Corporate Services","00005654","Skill Zone 4","22372","25179","Civilian HR Expert","1.00","Human Resources"
"Ministry of Defence","Ministry of Defence","Army","1167535","OF4","68679","79524","Commissioned Officer","1151.00","Military"
"Ministry of Defence","Ministry of Defence","Head Office and Corporate Services","00005654","B1","57000","72907","Senior HR Manager","3.00","Human Resources"
"Ministry of Defence","Ministry of Defence","Army","1167535","OF5","83205","91466","Commissioned Officer","296.00","Military"
"Ministry of Defence","Ministry of Defence","Head Office and Corporate Services","00005654","B2","48421","60130","Senior HR Manager","6.00","Human Resources"
"Ministry of Defence","Ministry of Defence","Army","1167535","OR1","17945","29651","Enlisted Soldier","2.00","Military"
"Ministry of Defence","Ministry of Defence","Head Office and Corporate Services","00005654","C1","36004","44711","Civilian HR Expert","12.00","Human Resources"
"Ministry of Defence","Ministry of Defence","Army","1167535","OR2","17945","29651","Enlisted Soldier","27314.00","Military"
"Ministry of Defence","Ministry of Defence","Head Office and Corporate Services","00005654","C2","29551","36696","Civilian HR Expert","7.00","Human Resources"
"Ministry of Defence","Ministry of Defence","Army","1167535","OR3","17945","29651","Enlisted Soldier","13629.00","Military"
"Ministry of Defence","Ministry of Defence","Head Office and Corporate Services","00005654","D","23661","29383","Civilian HR Expert","2.00","Human Resources"
"Ministry of Defence","Ministry of Defence","Army","1167535","OR4","27054","33998","Enlisted Soldier","13480.00","Military"
"Ministry of Defence","Ministry of Defence","Head Office and Corporate Services","00005654","E1","18554","22345","Administrative Support","1.00","Human Resources"
"Ministry of Defence","Ministry of Defence","Army","1167535","OR6","30750","37836","Enlisted Soldier","8023.00","Military"
"Ministry of Defence","Ministry of Defence","Head Office and Corporate Services","00005654","B1","57000","72907","Senior HR Manager","2.00","Human Resources"
"Ministry of Defence","Ministry of Defence","Army","1167535","OR7","34039","44315","Enlisted Soldier","5117.00","Military"
"Ministry of Defence","Ministry of Defence","Head Office and Corporate Services","00005654","B2","48421","60130","Senior HR Manager","3.00","Human Resources"
"Ministry of Defence","Ministry of Defence","Army","1167535","OR8","34039","44315","Enlisted Soldier","3509.00","Military"
"Ministry of Defence","Ministry of Defence","Head Office and Corporate Services","00005654","C1","36004","44711","Civilian HR Expert","11.00","Human Resources"
"Ministry of Defence","Ministry of Defence","Army","1167535","OR9","39548","47902","Enlisted Soldier","1265.00","Military"
"Ministry of Defence","Ministry of Defence","Head Office and Corporate Services","00005654","C2","29551","36696","Civilian HR Expert","8.00","Human Resources"
"Ministry of Defence","Ministry of Defence","Head Office and Corporate Services","00005654","D","23661","29383","Civilian HR Expert","4.00","Human Resources"
"Ministry of Defence","Ministry of Defence","Head Office and Corporate Services","00005654","B1","57000","72907","Senior HR Manager","8.00","Human Resources"
"Ministry of Defence","Ministry of Defence","Head Office and Corporate Services","00005654","B2","48421","60130","Senior HR Manager","20.00","Human Resources"
"Ministry of Defence","Ministry of Defence","Head Office and Corporate Services","00005654","B2","48421","60130","Communication and Media","1.00","Human Resources"
"Ministry of Defence","Ministry of Defence","Head Office and Corporate Services","00005654","C1","36004","44711","Civilian HR Partner","30.00","Human Resources"
"Ministry of Defence","Ministry of Defence","Head Office and Corporate Services","00005654","C1","36004","44711","Communication and Media","1.00","Human Resources"
"Ministry of Defence","Ministry of Defence","Head Office and Corporate Services","00005654","C2","29551","36696","Civilian HR Partner","3.00","Human Resources"
"Ministry of Defence","Ministry of Defence","Head Office and Corporate Services","00005654","OF5","83205","91466","Military","5.00","Military"
"Ministry of Defence","Ministry of Defence","Head Office and Corporate Services","00005654","OF4","68679","79524","Military","17.00","Military"
"Ministry of Defence","Ministry of Defence","Head Office and Corporate Services","00005654","OF3","48934","58605","Military","39.00","Military"
"Ministry of Defence","Ministry of Defence","Head Office and Corporate Services","00005654","OF2","38848","46199","Military","6.00","Military"
"Ministry of Defence","Ministry of Defence","Head Office and Corporate Services","00005654","OR9","39548","47902","Military","12.00","Military"
"Ministry of Defence","Ministry of Defence","Head Office and Corporate Services","00005654","OR7-8","34039","44315","Military","2.00","Military"
"Ministry of Defence","Ministry of Defence","Head Office and Corporate Services","00005654","OR7-8","34039","44315","Military","12.00","Military"
"Ministry of Defence","Ministry of Defence","Head Office and Corporate Services","00005654","OR5-6","30750","37836","Military","9.00","Military"
"Ministry of Defence","Ministry of Defence","Head Office and Corporate Services","00005654","OR4","27054","33998","Military","10.00","Military"
"Ministry of Defence","Ministry of Defence","Head Office and Corporate Services","00005654","OR1-3","17945","29651","Military","2.00","Military"
"Ministry of Defence","Ministry of Defence","Head Office and Corporate Services","00005654","B1","57000","72907","Senior Finance Manager","1.00","Finance"
"Ministry of Defence","Ministry of Defence","Head Office and Corporate Services","00005654","B1","57000","72907","Defence Export Services","1.00","Other"
"Ministry of Defence","Ministry of Defence","Head Office and Corporate Services","00005654","B2","48421","60130","Senior Finance Manager","1.00","Finance"
"Ministry of Defence","Ministry of Defence","Head Office and Corporate Services","00005654","B2","48421","60130","Secretariat","1.00","Other"
"Ministry of Defence","Ministry of Defence","Head Office and Corporate Services","00005654","B2","48421","60130","Defence Export Services","1.00","Other"
"Ministry of Defence","Ministry of Defence","Head Office and Corporate Services","00005654","B2","48421","60130","Senior IT Manager","1.00","Information Technology"
"Ministry of Defence","Ministry of Defence","Head Office and Corporate Services","00005654","C1","36004","44711","IT Manager","1.00","Information Technology"
"Ministry of Defence","Ministry of Defence","Head Office and Corporate Services","00005654","C1","36004","44711","Secretariat","3.00","Other"
"Ministry of Defence","Ministry of Defence","Head Office and Corporate Services","00005654","C1","36004","44711","Performance Management","1.00","Planning"
"Ministry of Defence","Ministry of Defence","Head Office and Corporate Services","00005654","C2","29551","36696","IT Manager","3.00","Information Technology"
"Ministry of Defence","Ministry of Defence","Head Office and Corporate Services","00005654","C2","29551","36696","Secretariat","2.00","Other"
"Ministry of Defence","Ministry of Defence","Head Office and Corporate Services","00005654","C2","29551","36696","Finance Support Officer","2.00","Finance"
"Ministry of Defence","Ministry of Defence","Head Office and Corporate Services","00005654","C2","29551","36696","Business Manager","1.00","Other"
"Ministry of Defence","Ministry of Defence","Head Office and Corporate Services","00005654","C2","29551","36696","Security, Health and Safety","1.00","Other"
"Ministry of Defence","Ministry of Defence","Head Office and Corporate Services","00005654","C2","29551","36696","Finance","1.00","Finance"
"Ministry of Defence","Ministry of Defence","Head Office and Corporate Services","00005654","C2","29551","36696","Knowledge & Information Management Manager","1.00","Knowledge and Information Management (KIM)"
"Ministry of Defence","Ministry of Defence","Head Office and Corporate Services","00005654","C2 MSF","29551","36696","Business Manager","1.00","Human Resources"
"Ministry of Defence","Ministry of Defence","Head Office and Corporate Services","00005654","C2","29551","36696","Defence Export Services","1.00","Other"
"Ministry of Defence","Ministry of Defence","Head Office and Corporate Services","00005654","D","23661","29383","IT Support Officer","9.00","Information Technology"
"Ministry of Defence","Ministry of Defence","Head Office and Corporate Services","00005654","D","23661","29383","Finance Support Officer","4.00","Finance"
"Ministry of Defence","Ministry of Defence","Head Office and Corporate Services","00005654","D","23661","29383","Performance Management","1.00","Planning"
"Ministry of Defence","Ministry of Defence","Head Office and Corporate Services","00005654","D","23661","29383","Business Manager","1.00","Other"
"Ministry of Defence","Ministry of Defence","Head Office and Corporate Services","00005654","D","23661","29383","Secretariat","1.00","Other"
"Ministry of Defence","Ministry of Defence","Head Office and Corporate Services","00005654","D","23661","29383","Facilities Management","1.00","Property and asset management"
"Ministry of Defence","Ministry of Defence","Head Office and Corporate Services","00005654","E1","18554","22345","Customer Services","2.00","Other"
"Ministry of Defence","Ministry of Defence","Head Office and Corporate Services","00005654","E1","18554","22345","Finance Support Officer","3.00","Finance"
"Ministry of Defence","Ministry of Defence","Head Office and Corporate Services","00005654","E1","18554","22345","Personal Secretary","1.00","Other"
"Ministry of Defence","Ministry of Defence","Head Office and Corporate Services","00005654","E1","18554","22345","Administrative Support","3.00","Other"
"Ministry of Defence","Ministry of Defence","Head Office and Corporate Services","00005654","E1","18554","22345","Postal & Courier","1.00","Other"
"Ministry of Defence","Ministry of Defence","Head Office and Corporate Services","00005654","E1","18554","22345","Performance Management","1.00","Planning"
"Ministry of Defence","Ministry of Defence","Head Office and Corporate Services","00005654","E1","18554","22345","IT Support Officer","1.00","Information Technology"
"Ministry of Defence","Ministry of Defence","Head Office and Corporate Services","00005654","E1","18554","22345","Knowledge & Information Management Manager","1.00","Knowledge and Information Management (KIM)"
"Ministry of Defence","Ministry of Defence","Head Office and Corporate Services","00005654","B1","57000","72907","Senior Project Manager","1.00","Programme and Project Management (PPM)"
"Ministry of Defence","Ministry of Defence","Head Office and Corporate Services","00005654","B2","48421","60130","Quality Management","1.00","Programme and Project Management (PPM)"
"Ministry of Defence","Ministry of Defence","Head Office and Corporate Services","00005654","B2","48421","60130","Project Manager","3.00","Programme and Project Management (PPM)"
"Ministry of Defence","Ministry of Defence","Head Office and Corporate Services","00005654","C1","36004","44711","Project Manager","13.00","Programme and Project Management (PPM)"
"Ministry of Defence","Ministry of Defence","Head Office and Corporate Services","00005654","C1","36004","44711","Safety Management","3.00","Programme and Project Management (PPM)"
"Ministry of Defence","Ministry of Defence","Head Office and Corporate Services","00005654","C1","36004","44711","Quality Management","5.00","Programme and Project Management (PPM)"
"Ministry of Defence","Ministry of Defence","Head Office and Corporate Services","00005654","C2","29551","36696","Quality Management","1.00","Programme and Project Management (PPM)"
"Ministry of Defence","Ministry of Defence","Head Office and Corporate Services","00005654","C2","29551","36696","Office Manager","1.00","Other"
"Ministry of Defence","Ministry of Defence","Head Office and Corporate Services","00005654","D","23661","29383","Office Manager","2.00","Other"
"Ministry of Defence","Ministry of Defence","Head Office and Corporate Services","00005654","D","23661","29383","Supply Chain Management","1.00","Other"
"Ministry of Defence","Ministry of Defence","Head Office and Corporate Services","00005654","E1","18554","22345","Administrative Support","4.00","Other"
"Ministry of Defence","Ministry of Defence","Head Office and Corporate Services","00005654","B1","57000","72907","Senior Procurement Officer","1.00","Procurement"
"Ministry of Defence","Ministry of Defence","Head Office and Corporate Services","00005654","B2","48421","60130","Senior Procurement Officer","2.00","Procurement"
"Ministry of Defence","Ministry of Defence","Head Office and Corporate Services","00005654","B2","48421","60130","Project Manager","1.00","Programme and Project Management (PPM)"
"Ministry of Defence","Ministry of Defence","Head Office and Corporate Services","00005654","C1","36004","44711","Procurement Officer","5.00","Procurement"
"Ministry of Defence","Ministry of Defence","Head Office and Corporate Services","00005654","C1","36004","44711","Project Manager","2.00","Programme and Project Management (PPM)"
"Ministry of Defence","Ministry of Defence","Head Office and Corporate Services","00005654","C2","29551","36696","Procurement Officer","5.00","Procurement"
"Ministry of Defence","Ministry of Defence","Head Office and Corporate Services","00005654","D","23661","29383","Procurement Officer","7.00","Procurement"
"Ministry of Defence","Ministry of Defence","Head Office and Corporate Services","00005654","E1","18554","22345","Procurement Support Officer","2.00","Procurement"
"Ministry of Defence","Ministry of Defence","Head Office and Corporate Services","00005654","B2","48421","60130","Business Management and Improvement","2.00","Operational Research"
"Ministry of Defence","Ministry of Defence","Head Office and Corporate Services","00005654","B2","48421","60130","Case Assessment","1.00","Operational Research"
"Ministry of Defence","Ministry of Defence","Head Office and Corporate Services","00005654","C1","36004","44711","Customer Services","1.00","Operational Research"
"Ministry of Defence","Ministry of Defence","Head Office and Corporate Services","00005654","C1","36004","44711","Business Risk Management","1.00","Operational Research"
"Ministry of Defence","Ministry of Defence","Head Office and Corporate Services","00005654","C1","36004","44711","Case Assessment","15.00","Operational Research"
"Ministry of Defence","Ministry of Defence","Head Office and Corporate Services","00005654","C2","29551","36696","Business Management and Improvement","7.00","Operational Research"
"Ministry of Defence","Ministry of Defence","Head Office and Corporate Services","00005654","C2","29551","36696","Civilian Trainers (Civ Trainer)","1.00","Operational Research"
"Ministry of Defence","Ministry of Defence","Head Office and Corporate Services","00005654","C2","29551","36696","Business Risk Management","3.00","Operational Research"
"Ministry of Defence","Ministry of Defence","Head Office and Corporate Services","00005654","C2","29551","36696","Customer Services","2.00","Operational Delivery"
"Ministry of Defence","Ministry of Defence","Head Office and Corporate Services","00005654","C2","29551","36696","Case Assessment","140.00","Operational Research"
"Ministry of Defence","Ministry of Defence","Head Office and Corporate Services","00005654","D","23661","29383","Case Assessment","25.00","Operational Research"
"Ministry of Defence","Ministry of Defence","Head Office and Corporate Services","00005654","D","23661","29383","Business Management and Improvement","1.00","Operational Research"
"Ministry of Defence","Ministry of Defence","Head Office and Corporate Services","00005654","D","23661","29383","Customer Services","1.00","Programme and Project Management (PPM)"
"Ministry of Defence","Ministry of Defence","Head Office and Corporate Services","00005654","E1","18554","22345","Administrative Support","1.00","Operational Research"
"Ministry of Defence","Ministry of Defence","Head Office and Corporate Services","00005654","E1","18554","22345","Business Management and Improvement","4.00","Operational Research"
"Ministry of Defence","Ministry of Defence","Head Office and Corporate Services","00005654","E1","18554","22345","Security Management","1.00","Other"
"Ministry of Defence","Ministry of Defence","Head Office and Corporate Services","00005654","E1","18554","22345","Case Assessment","79.00","Operational Research"
"Ministry of Defence","Ministry of Defence","Head Office and Corporate Services","00005654","E1","18554","22345","Secretarial","1.00","Planning"
"Ministry of Defence","Ministry of Defence","Head Office and Corporate Services","00005654","E1","18554","22345","Customer Services","1.00","Operational Delivery"
"Ministry of Defence","Ministry of Defence","Head Office and Corporate Services","00005654","E1","18554","22345","Decision Support","1.00","Finance"
"Ministry of Defence","Ministry of Defence","Head Office and Corporate Services","00005654","E2","15779","19003","Administrative Support","1.00","Operational Research"
"Ministry of Defence","Ministry of Defence","Head Office and Corporate Services","00005654","E2","15779","19003","Business Management and Improvement","1.00","Operational Delivery"
"Ministry of Defence","Ministry of Defence","Head Office and Corporate Services","00005654","E2","15779","19003","Case Assessment","7.00","Operational Research"
"Ministry of Defence","Ministry of Defence","Head Office and Corporate Services","00005654","Retained - Civilian Consultant","61859","80186","Medical","0.00","Procurement"
"Ministry of Defence","Ministry of Defence","Head Office and Corporate Services","00005654","B1","57000","72907","Programme Management","1.00","Information Technology"
"Ministry of Defence","Ministry of Defence","Head Office and Corporate Services","00005654","B1","57000","72907","Knowledge & Information Management Manager","1.00","Knowledge and Information Management (KIM)"
"Ministry of Defence","Ministry of Defence","Head Office and Corporate Services","00005654","B1","57000","72907","Programme Management","1.00","Programme and Project Management (PPM)"
"Ministry of Defence","Ministry of Defence","Head Office and Corporate Services","00005654","B2","48421","60130","Business Manager","1.00","Programme and Project Management (PPM)"
"Ministry of Defence","Ministry of Defence","Head Office and Corporate Services","00005654","B2","48421","60130","Programme Manager","2.00","Programme and Project Management (PPM)"
"Ministry of Defence","Ministry of Defence","Head Office and Corporate Services","00005654","B2","48421","60130","Project Management","1.00","Information Technology"
"Ministry of Defence","Ministry of Defence","Head Office and Corporate Services","00005654","B1","57000","72907","Information Technology","1.00","Information Technology"
"Ministry of Defence","Ministry of Defence","Head Office and Corporate Services","00005654","B2","48421","60130","Information Technology","3.00","Information Technology"
"Ministry of Defence","Ministry of Defence","Head Office and Corporate Services","00005654","B2","48421","60130","Customer Services","1.00","Information Technology"
"Ministry of Defence","Ministry of Defence","Head Office and Corporate Services","00005654","B2","48421","60130","Transaction Processing","1.00","Information Technology"
"Ministry of Defence","Ministry of Defence","Head Office and Corporate Services","00005654","B1","57000","72907","Business Manager","1.00","Programme and Project Management (PPM)"
"Ministry of Defence","Ministry of Defence","Head Office and Corporate Services","00005654","B2","48421","60130","Knowledge & Information Management Manager","5.00","Knowledge and Information Management (KIM)"
"Ministry of Defence","Ministry of Defence","Head Office and Corporate Services","00005654","B2","48421","60130","Project Management","1.00","Programme and Project Management (PPM)"
"Ministry of Defence","Ministry of Defence","Head Office and Corporate Services","00005654","C1","36004","44711","Business Manager","1.00","Programme and Project Management (PPM)"
"Ministry of Defence","Ministry of Defence","Head Office and Corporate Services","00005654","C1","36004","44711","Project Manager","8.00","Programme and Project Management (PPM)"
"Ministry of Defence","Ministry of Defence","Head Office and Corporate Services","00005654","C1","36004","44711","Information Exploitation Mgt","1.00","Programme and Project Management (PPM)"
"Ministry of Defence","Ministry of Defence","Head Office and Corporate Services","00005654","C1","36004","44711","Programme Manager","4.00","Programme and Project Management (PPM)"
"Ministry of Defence","Ministry of Defence","Head Office and Corporate Services","00005654","C1","36004","44711","Historical","1.00","Knowledge and Information Management (KIM)"
"Ministry of Defence","Ministry of Defence","Head Office and Corporate Services","00005654","C1","36004","44711","Computer Science & Engineering","1.00","Programme and Project Management (PPM)"
"Ministry of Defence","Ministry of Defence","Head Office and Corporate Services","00005654","C1","36004","44711","Customer Services","1.00","Information Technology"
"Ministry of Defence","Ministry of Defence","Head Office and Corporate Services","00005654","C1","36004","44711","Reporting and Controls","1.00","Programme and Project Management (PPM)"
"Ministry of Defence","Ministry of Defence","Head Office and Corporate Services","00005654","C1","36004","44711","Project Manager","7.00","Information Technology"
"Ministry of Defence","Ministry of Defence","Head Office and Corporate Services","00005654","C1","36004","44711","Information Technology","3.00","Knowledge and Information Management (KIM)"
"Ministry of Defence","Ministry of Defence","Head Office and Corporate Services","00005654","C1","36004","44711","Knowledge Info Management","1.00","Information Technology"
"Ministry of Defence","Ministry of Defence","Head Office and Corporate Services","00005654","C1","36004","44711","Knowledge & Information Management Manager","6.00","Knowledge and Information Management (KIM)"
"Ministry of Defence","Ministry of Defence","Head Office and Corporate Services","00005654","C1","36004","44711","Decision Support","1.00","Programme and Project Management (PPM)"
"Ministry of Defence","Ministry of Defence","Head Office and Corporate Services","00005654","C2","29551","36696","Customer Services","1.00","Information Technology"
"Ministry of Defence","Ministry of Defence","Head Office and Corporate Services","00005654","C2","29551","36696","Security Management","1.00","Information Technology"
"Ministry of Defence","Ministry of Defence","Head Office and Corporate Services","00005654","C2","29551","36696","Business Risk Management","3.00","Programme and Project Management (PPM)"
"Ministry of Defence","Ministry of Defence","Head Office and Corporate Services","00005654","C2","29551","36696","Programme Manager","2.00","Programme and Project Management (PPM)"
"Ministry of Defence","Ministry of Defence","Head Office and Corporate Services","00005654","C2","29551","36696","Business Manager","1.00","Programme and Project Management (PPM)"
"Ministry of Defence","Ministry of Defence","Head Office and Corporate Services","00005654","C2","29551","36696","Business Management and Improvement","1.00","Information Technology"
"Ministry of Defence","Ministry of Defence","Head Office and Corporate Services","00005654","B2","48421","60130","Statistics","1.00","Knowledge and Information Management (KIM)"
"Ministry of Defence","Ministry of Defence","Head Office and Corporate Services","00005654","C2","29551","36696","Project Manager","5.00","Programme and Project Management (PPM)"
"Ministry of Defence","Ministry of Defence","Head Office and Corporate Services","00005654","C2","29551","36696","Knowledge Info Management","1.00","Property and asset management"
"Ministry of Defence","Ministry of Defence","Head Office and Corporate Services","00005654","C2","29551","36696","Information Exploitation Mgt","1.00","Programme and Project Management (PPM)"
"Ministry of Defence","Ministry of Defence","Head Office and Corporate Services","00005654","C2","29551","36696","Historical","2.00","Knowledge and Information Management (KIM)"
"Ministry of Defence","Ministry of Defence","Head Office and Corporate Services","00005654","C2","29551","36696","Information Technology","2.00","Programme and Project Management (PPM)"
"Ministry of Defence","Ministry of Defence","Head Office and Corporate Services","00005654","C2","29551","36696","Knowledge Info Management","5.00","Information Technology"
"Ministry of Defence","Ministry of Defence","Head Office and Corporate Services","00005654","C1","36004","44711","Information Technology","12.00","Information Technology"
"Ministry of Defence","Ministry of Defence","Head Office and Corporate Services","00005654","C2","29551","36696","Information Technology","38.00","Information Technology"
"Ministry of Defence","Ministry of Defence","Head Office and Corporate Services","00005654","C2","29551","36696","Information Technology","7.00","Knowledge and Information Management (KIM)"
"Ministry of Defence","Ministry of Defence","Head Office and Corporate Services","00005654","D","23661","29383","Information Technology","56.00","Information Technology"
"Ministry of Defence","Ministry of Defence","Head Office and Corporate Services","00005654","E1","18554","22345","Information Technology","4.00","Information Technology"
"Ministry of Defence","Ministry of Defence","Head Office and Corporate Services","00005654","C2","29551","36696","Transaction Processing","4.00","Information Technology"
"Ministry of Defence","Ministry of Defence","Head Office and Corporate Services","00005654","C2","29551","36696","Reporting and Controls","1.00","Information Technology"
"Ministry of Defence","Ministry of Defence","Head Office and Corporate Services","00005654","C2","29551","36696","Knowledge & Information Management Manager","23.00","Knowledge and Information Management (KIM)"
"Ministry of Defence","Ministry of Defence","Head Office and Corporate Services","00005654","C2","29551","36696","Project Management","4.00","Information Technology"
"Ministry of Defence","Ministry of Defence","Head Office and Corporate Services","00005654","D","23661","29383","Administrative Support","1.00","Information Technology"
"Ministry of Defence","Ministry of Defence","Head Office and Corporate Services","00005654","D","23661","29383","Computer Science & Engineering","1.00","Programme and Project Management (PPM)"
"Ministry of Defence","Ministry of Defence","Head Office and Corporate Services","00005654","D","23661","29383","Knowledge Info Management","3.00","Information Technology"
"Ministry of Defence","Ministry of Defence","Head Office and Corporate Services","00005654","D","23661","29383","Project Management","1.00","Programme and Project Management (PPM)"
"Ministry of Defence","Ministry of Defence","Head Office and Corporate Services","00005654","D","23661","29383","Transaction Processing","1.00","Information Technology"
"Ministry of Defence","Ministry of Defence","Head Office and Corporate Services","00005654","D","23661","29383","IT SECURITY","1.00","Information Technology"
"Ministry of Defence","Ministry of Defence","Head Office and Corporate Services","00005654","D","23661","29383","Project Management","2.00","Information Technology"
"Ministry of Defence","Ministry of Defence","Head Office and Corporate Services","00005654","D","23661","29383","Historical","3.00","Knowledge and Information Management (KIM)"
"Ministry of Defence","Ministry of Defence","Head Office and Corporate Services","00005654","D","23661","29383","Computer Science & Engineering","1.00","Information Technology"
"Ministry of Defence","Ministry of Defence","Head Office and Corporate Services","00005654","D","23661","29383","Knowledge & Information Management Manager","37.00","Knowledge and Information Management (KIM)"
"Ministry of Defence","Ministry of Defence","Head Office and Corporate Services","00005654","E1","18554","22345","Administrative Support","2.00","Information Technology"
"Ministry of Defence","Ministry of Defence","Head Office and Corporate Services","00005654","E1","18554","22345","Project Support Officer","7.00","Information Technology"
"Ministry of Defence","Ministry of Defence","Head Office and Corporate Services","00005654","E1","18554","22345","Soft Facilities Management","2.00","Information Technology"
"Ministry of Defence","Ministry of Defence","Head Office and Corporate Services","00005654","E1","18554","22345","Knowledge Info Management","3.00","Information Technology"
"Ministry of Defence","Ministry of Defence","Head Office and Corporate Services","00005654","E1","18554","22345","Knowledge & Information Management Manager","11.00","Knowledge and Information Management (KIM)"
"Ministry of Defence","Ministry of Defence","Head Office and Corporate Services","00005654","B1","57000","72907","Civilian HR Service Provider","1.00","Human Resources"
"Ministry of Defence","Ministry of Defence","Head Office and Corporate Services","00005654","B2","48421","60130","Civilian HR Service Provider","6.00","Human Resources"
"Ministry of Defence","Ministry of Defence","Head Office and Corporate Services","00005654","B2","48421","60130","Business Management and Improvement","1.00","Human Resources"
"Ministry of Defence","Ministry of Defence","Head Office and Corporate Services","00005654","C1","36004","44711","Civilian HR Expert","3.00","Human Resources"
"Ministry of Defence","Ministry of Defence","Head Office and Corporate Services","00005654","C1","36004","44711","Civilian HR Partner","1.00","Human Resources"
"Ministry of Defence","Ministry of Defence","Head Office and Corporate Services","00005654","C1","36004","44711","Civilian HR Service Provider","26.00","Human Resources"
"Ministry of Defence","Ministry of Defence","Head Office and Corporate Services","00005654","C1","36004","44711","Performance Management","1.00","Human Resources"
"Ministry of Defence","Ministry of Defence","Head Office and Corporate Services","00005654","C2","29551","36696","Civilian HR Expert","5.00","Human Resources"
"Ministry of Defence","Ministry of Defence","Head Office and Corporate Services","00005654","C2","29551","36696","Civilian HR Partner","3.00","Human Resources"
"Ministry of Defence","Ministry of Defence","Head Office and Corporate Services","00005654","C2","29551","36696","Civilian HR Service Provider","81.00","Human Resources"
"Ministry of Defence","Ministry of Defence","Head Office and Corporate Services","00005654","D","23661","29383","Business Management and Improvement","1.00","Human Resources"
"Ministry of Defence","Ministry of Defence","Head Office and Corporate Services","00005654","D","23661","29383","Civilian HR Partner","2.00","Human Resources"
"Ministry of Defence","Ministry of Defence","Head Office and Corporate Services","00005654","D","23661","29383","Civilian HR Service Provider","57.00","Human Resources"
"Ministry of Defence","Ministry of Defence","Head Office and Corporate Services","00005654","D","23661","29383","Customer Services","1.00","Information Technology"
"Ministry of Defence","Ministry of Defence","Head Office and Corporate Services","00005654","E1","18554","22345","Administrative Support","1.00","Human Resources"
"Ministry of Defence","Ministry of Defence","Head Office and Corporate Services","00005654","E1","18554","22345","Civilian HR Service Provider","184.00","Human Resources"
"Ministry of Defence","Ministry of Defence","Head Office and Corporate Services","00005654","E1","18554","22345","Knowledge Info Management","6.00","Human Resources"
"Ministry of Defence","Ministry of Defence","Head Office and Corporate Services","00005654","E2","15779","19003","Civilian HR Service Provider","2.00","Human Resources"
"Ministry of Defence","Ministry of Defence","Head Office and Corporate Services","00005654","E2","15779","19003","Soft Facilities Management","1.00","Human Resources"
"Ministry of Defence","Ministry of Defence","Head Office and Corporate Services","00005654","D","23661","29383","Service HR Service Provider","1.00","Human Resources"
"Ministry of Defence","Ministry of Defence","Head Office and Corporate Services","00005654","E1","18554","22345","Service HR Service Provider","20.00","Human Resources"
"Ministry of Defence","Ministry of Defence","Head Office and Corporate Services","00005654","E2","15779","19003","Knowledge Info Management","1.00","Human Resources"
"Ministry of Defence","Ministry of Defence","Head Office and Corporate Services","00005654","B2","48421","60130","Business Manager","1.00","Finance"
"Ministry of Defence","Ministry of Defence","Head Office and Corporate Services","00005654","B2","48421","60130","Transaction Processing","2.00","Finance"
"Ministry of Defence","Ministry of Defence","Head Office and Corporate Services","00005654","C1","36004","44711","Transaction Processing","9.00","Finance"
"Ministry of Defence","Ministry of Defence","Head Office and Corporate Services","00005654","C2","29551","36696","Reporting and Controls","1.00","Finance"
"Ministry of Defence","Ministry of Defence","Head Office and Corporate Services","00005654","C2","29551","36696","Business Management and Improvement","2.00","Finance"
"Ministry of Defence","Ministry of Defence","Head Office and Corporate Services","00005654","C2","29551","36696","Material Accounting","1.00","Finance"
"Ministry of Defence","Ministry of Defence","Head Office and Corporate Services","00005654","C2","29551","36696","Knowledge Info Management","1.00","Finance"
"Ministry of Defence","Ministry of Defence","Head Office and Corporate Services","00005654","C2","29551","36696","Supply Chain Management","1.00","Finance"
"Ministry of Defence","Ministry of Defence","Head Office and Corporate Services","00005654","C2","29551","36696","Transaction Processing","17.00","Finance"
"Ministry of Defence","Ministry of Defence","Head Office and Corporate Services","00005654","C2","29551","36696","Civilian Trainers (Civ Trainer)","1.00","Finance"
"Ministry of Defence","Ministry of Defence","Head Office and Corporate Services","00005654","D","23661","29383","Audit and Assurance","1.00","Finance"
"Ministry of Defence","Ministry of Defence","Head Office and Corporate Services","00005654","D","23661","29383","Business Management and Improvement","2.00","Finance"
"Ministry of Defence","Ministry of Defence","Head Office and Corporate Services","00005654","D","23661","29383","Historical","1.00","Finance"
"Ministry of Defence","Ministry of Defence","Head Office and Corporate Services","00005654","D","23661","29383","Material Accounting","1.00","Finance"
"Ministry of Defence","Ministry of Defence","Head Office and Corporate Services","00005654","D","23661","29383","Reporting and Controls","3.00","Finance"
"Ministry of Defence","Ministry of Defence","Head Office and Corporate Services","00005654","D","23661","29383","Supply Chain Management","2.00","Finance"
"Ministry of Defence","Ministry of Defence","Head Office and Corporate Services","00005654","D","23661","29383","Transaction Processing","35.00","Finance"
"Ministry of Defence","Ministry of Defence","Head Office and Corporate Services","00005654","D","23661","29383","Knowledge Information Management Support Officer","2.00","Human Resources"
"Ministry of Defence","Ministry of Defence","Head Office and Corporate Services","00005654","E1","18554","22345","Administrative Support","4.00","Finance"
"Ministry of Defence","Ministry of Defence","Head Office and Corporate Services","00005654","E1","18554","22345","Knowledge Info Management","1.00","Finance"
"Ministry of Defence","Ministry of Defence","Head Office and Corporate Services","00005654","E1","18554","22345","Customer Services","1.00","Finance"
"Ministry of Defence","Ministry of Defence","Head Office and Corporate Services","00005654","E1","18554","22345","Decision Support","1.00","Finance"
"Ministry of Defence","Ministry of Defence","Head Office and Corporate Services","00005654","E1","18554","22345","Transaction Processing","121.00","Finance"
"Ministry of Defence","Ministry of Defence","Head Office and Corporate Services","00005654","E1","18554","22345","Reporting and Controls","1.00","Finance"
"Ministry of Defence","Ministry of Defence","Head Office and Corporate Services","00005654","E1","18554","22345","Secretarial","1.00","Planning"
"Ministry of Defence","Ministry of Defence","Head Office and Corporate Services","00005654","E2","15779","19003","Transaction Processing","18.00","Finance"
"Ministry of Defence","Ministry of Defence","Head Office and Corporate Services","00005654","B1","57000","72907","Civilian HR Service Provider","1.00","Human Resources"
"Ministry of Defence","Ministry of Defence","Head Office and Corporate Services","00005654","B2","48421","60130","Business Manager","2.00","Property and asset management"
"Ministry of Defence","Ministry of Defence","Head Office and Corporate Services","00005654","B2","48421","60130","Civilian HR Service Provider","3.00","Human Resources"
"Ministry of Defence","Ministry of Defence","Head Office and Corporate Services","00005654","B2","48421","60130","Supply Chain Management","1.00","Property and asset management"
"Ministry of Defence","Ministry of Defence","Head Office and Corporate Services","00005654","C1","36004","44711","Business Manager","1.00","Human Resources"
"Ministry of Defence","Ministry of Defence","Head Office and Corporate Services","00005654","C1","36004","44711","Civilian HR Service Provider","5.00","Human Resources"
"Ministry of Defence","Ministry of Defence","Head Office and Corporate Services","00005654","C1","36004","44711","Civilian HR Expert","1.00","Human Resources"
"Ministry of Defence","Ministry of Defence","Head Office and Corporate Services","00005654","C1","36004","44711","Transaction Processing","1.00","Human Resources"
"Ministry of Defence","Ministry of Defence","Head Office and Corporate Services","00005654","C1","36004","44711","Information Technology","1.00","Human Resources"
"Ministry of Defence","Ministry of Defence","Head Office and Corporate Services","00005654","C1","36004","44711","Internal Communications","1.00","Communications"
"Ministry of Defence","Ministry of Defence","Head Office and Corporate Services","00005654","C2","29551","36696","Media and Press","1.00","Human Resources"
"Ministry of Defence","Ministry of Defence","Head Office and Corporate Services","00005654","C2","29551","36696","Transaction Processing","2.00","Human Resources"
"Ministry of Defence","Ministry of Defence","Head Office and Corporate Services","00005654","C2","29551","36696","Civilian HR Partner","2.00","Human Resources"
"Ministry of Defence","Ministry of Defence","Head Office and Corporate Services","00005654","C2","29551","36696","Civilian HR Service Provider","3.00","Human Resources"
"Ministry of Defence","Ministry of Defence","Head Office and Corporate Services","00005654","C2","29551","36696","Civilian HR Expert","2.00","Human Resources"
"Ministry of Defence","Ministry of Defence","Head Office and Corporate Services","00005654","C2","29551","36696","Information Technology","7.00","Human Resources"
"Ministry of Defence","Ministry of Defence","Head Office and Corporate Services","00005654","C2","29551","36696","Design & Imagery","1.00","Communications"
"Ministry of Defence","Ministry of Defence","Head Office and Corporate Services","00005654","D","23661","29383","Design & Imagery","4.00","Communications"
"Ministry of Defence","Ministry of Defence","Head Office and Corporate Services","00005654","D","23661","29383","Customer Services","7.00","Human Resources"
"Ministry of Defence","Ministry of Defence","Head Office and Corporate Services","00005654","D","23661","29383","Business Manager","1.00","Human Resources"
"Ministry of Defence","Ministry of Defence","Head Office and Corporate Services","00005654","D","23661","29383","Transaction Processing","2.00","Human Resources"
"Ministry of Defence","Ministry of Defence","Head Office and Corporate Services","00005654","D","23661","29383","Information Technology","7.00","Human Resources"
"Ministry of Defence","Ministry of Defence","Head Office and Corporate Services","00005654","D","23661","29383","Safety,Health,Environment&Fire","2.00","Property and asset management"
"Ministry of Defence","Ministry of Defence","Head Office and Corporate Services","00005654","D","23661","29383","Internal Communications","1.00","Communications"
"Ministry of Defence","Ministry of Defence","Head Office and Corporate Services","00005654","D","23661","29383","Digital and Social Media","2.00","Communications"
"Ministry of Defence","Ministry of Defence","Head Office and Corporate Services","00005654","D","23661","29383","Media and Press","1.00","Human Resources"
"Ministry of Defence","Ministry of Defence","Head Office and Corporate Services","00005654","D","23661","29383","Administrative Support","2.00","Property and asset management"
"Ministry of Defence","Ministry of Defence","Head Office and Corporate Services","00005654","E1","18554","22345","Administrative Support","4.00","Property and asset management"
"Ministry of Defence","Ministry of Defence","Head Office and Corporate Services","00005654","E2","15779","19003","Administrative Support","1.00","Property and asset management"
"Ministry of Defence","Ministry of Defence","Head Office and Corporate Services","00005654","C2","29551","36696","Audit and Assurance","2.00","Internal Audit"
"Ministry of Defence","Ministry of Defence","Head Office and Corporate Services","00005654","B2","48421","60130","Business Manager","1.00","Human Resources"
"Ministry of Defence","Ministry of Defence","Head Office and Corporate Services","00005654","C2","29551","36696","Business Manager","1.59","Human Resources"
"Ministry of Defence","Ministry of Defence","Head Office and Corporate Services","00005654","D","23661","29383","Business Manager","1.57","Human Resources"
"Ministry of Defence","Ministry of Defence","Head Office and Corporate Services","00005654","D","23661","29383","Civilian HR Service Provider","3.00","Human Resources"
"Ministry of Defence","Ministry of Defence","Head Office and Corporate Services","00005654","E1","18554","22345","Business Manager","1.00","Human Resources"
"Ministry of Defence","Ministry of Defence","Head Office and Corporate Services","00005654","E1","18554","22345","Transaction Processing","0.43","Human Resources"
"Ministry of Defence","Ministry of Defence","Head Office and Corporate Services","00005654","D","23661","29383","Knowledge Information Management Support Officer","1.00","Human Resources"
"Ministry of Defence","Ministry of Defence","Head Office and Corporate Services","00005654","E1","18554","22345","Civilian HR Service Provider","1.00","Human Resources"
"Ministry of Defence","Ministry of Defence","Head Office and Corporate Services","00005654","B1","57000","72907","Contract Perf Meas & Mgmnt","1.00","Human Resources"
"Ministry of Defence","Ministry of Defence","Head Office and Corporate Services","00005654","C2","29551","36696","Employee Representative","1.00","Human Resources"
"Ministry of Defence","Ministry of Defence","Head Office and Corporate Services","00005654","D","23661","29383","Employee Representative","0.99","Human Resources"
"Ministry of Defence","Ministry of Defence","Head Office and Corporate Services","00005654","D","23661","29383","Estate Management","1.00","Property and asset management"
"Ministry of Defence","Ministry of Defence","Head Office and Corporate Services","00005654","D","23661","29383","Information Technology","5.00","Information Technology"
"Ministry of Defence","Ministry of Defence","Head Office and Corporate Services","00005654","E1","18554","22345","Information Technology","2.00","Information Technology"
"Ministry of Defence","Ministry of Defence","Head Office and Corporate Services","00005654","C1","36004","44711","Performance Management","1.00","Human Resources"
"Ministry of Defence","Ministry of Defence","Head Office and Corporate Services","00005654","C1","36004","44711","Programme Manager","1.00","Human Resources"
"Ministry of Defence","Ministry of Defence","Head Office and Corporate Services","00005654","C1","36004","44711","Project Manager","2.00","Human Resources"
"Ministry of Defence","Ministry of Defence","Head Office and Corporate Services","00005654","C2","29551","36696","Safety,Health,Environment&Fire","1.00","Human Resources"
"Ministry of Defence","Ministry of Defence","Head Office and Corporate Services","00005654","C2","29551","36696","Site Estate","2.00","Human Resources"
"Ministry of Defence","Ministry of Defence","Head Office and Corporate Services","00005654","E1","18554","22345","Site Estate","2.00","Human Resources"
"Ministry of Defence","Ministry of Defence","Head Office and Corporate Services","00005654","C2","29551","36696","Soft Facilities Management","2.00","Human Resources"
"Ministry of Defence","Ministry of Defence","Head Office and Corporate Services","00005654","D","23661","29383","Soft Facilities Management","1.00","Human Resources"
"Ministry of Defence","Ministry of Defence","Head Office and Corporate Services","00005654","E1","18554","22345","Soft Facilities Management","4.00","Human Resources"
"Ministry of Defence","Ministry of Defence","Head Office and Corporate Services","00005654","E2","15779","19003","Soft Facilities Management","1.00","Human Resources"
"Ministry of Defence","Ministry of Defence","Head Office and Corporate Services","00005654","C1","36004","44711","Supply Chain Management","2.00","Human Resources"
"Ministry of Defence","Ministry of Defence","Head Office and Corporate Services","00005654","E1","18554","22345","Design & Imagery","1.00","Communications"
"Ministry of Defence","Ministry of Defence","Head Office and Corporate Services","00005654","E1","18554","22345","Administrative Support","3.00","Human Resources"
"Ministry of Defence","Ministry of Defence","Head Office and Corporate Services","00005654","E1","18554","22345","Case Assessment","1.00","Human Resources"
"Ministry of Defence","Ministry of Defence","Head Office and Corporate Services","00005654","E1","18554","22345","Customer Services","45.00","Human Resources"
"Ministry of Defence","Ministry of Defence","Head Office and Corporate Services","00005654","E1","18554","22345","Civilian HR Service Provider","4.00","Human Resources"
"Ministry of Defence","Ministry of Defence","Head Office and Corporate Services","00005654","E1","18554","22345","Media and Press","1.00","Human Resources"
"Ministry of Defence","Ministry of Defence","Head Office and Corporate Services","00005654","E2","15779","19003","Administrative Support","3.00","Human Resources"
"Ministry of Defence","Ministry of Defence","Head Office and Corporate Services","00005654","E2","15779","19003","Case Assessment","1.00","Human Resources"
"Ministry of Defence","Ministry of Defence","Head Office and Corporate Services","00005654","E2","15779","19003","Customer Services","2.00","Human Resources"
"Ministry of Defence","Ministry of Defence","Head Office and Corporate Services","00005654","E2","15779","19003","Soft Facilities Management","4.00","Human Resources"
"Ministry of Defence","Ministry of Defence","Head Office and Corporate Services","00005654","B2","48421","60130","Business Manager","1.00","Human Resources"
"Ministry of Defence","Ministry of Defence","Head Office and Corporate Services","00005654","C1","36004","44711","Business Manager","1.00","Human Resources"
"Ministry of Defence","Ministry of Defence","Head Office and Corporate Services","00005654","C1","36004","44711","Information Technology","1.00","Human Resources"
"Ministry of Defence","Ministry of Defence","Head Office and Corporate Services","00005654","C2","29551","36696","Civilian Trainers (Civ Trainer)","1.00","Human Resources"
"Ministry of Defence","Ministry of Defence","Head Office and Corporate Services","00005654","D","23661","29383","Civilian Trainers (Civ Trainer)","2.00","Human Resources"
"Ministry of Defence","Ministry of Defence","Head Office and Corporate Services","00005654","D","23661","29383","Media and Press","1.00","Human Resources"
"Ministry of Defence","Ministry of Defence","Head Office and Corporate Services","00005654","E1","18554","22345","Administrative Support","1.00","Human Resources"
"Ministry of Defence","Ministry of Defence","Head Office and Corporate Services","00005654","E1","18554","22345","Information Technology","1.00","Human Resources"
"Ministry of Defence","Ministry of Defence","Head Office and Corporate Services","00005654","B1","57000","72907","Senior Finance Manager","2.00","Finance"
"Ministry of Defence","Ministry of Defence","Head Office and Corporate Services","00005654","B2","48421","60130","Senior Finance Manager","2.00","Finance"
"Ministry of Defence","Ministry of Defence","Head Office and Corporate Services","00005654","C1","36004","44711","Decision Support","3.00","Finance"
"Ministry of Defence","Ministry of Defence","Head Office and Corporate Services","00005654","C2","29551","36696","Decision Support","10.00","Finance"
"Ministry of Defence","Ministry of Defence","Head Office and Corporate Services","00005654","D","23661","29383","Decision Support","5.00","Finance"
"Ministry of Defence","Ministry of Defence","Head Office and Corporate Services","00005654","D","23661","29383","Transaction Processing","1.00","Finance"
"Ministry of Defence","Ministry of Defence","Head Office and Corporate Services","00005654","D","23661","29383","Business Manager","1.00","Operational Delivery"
"Ministry of Defence","Ministry of Defence","Head Office and Corporate Services","00005654","D","23661","29383","Secretariat & Private Office","6.00","Operational Delivery"
"Ministry of Defence","Ministry of Defence","Head Office and Corporate Services","00005654","D","23661","29383","Administrative Support","2.00","Human Resources"
"Ministry of Defence","Ministry of Defence","Head Office and Corporate Services","00005654","E1","18554","22345","Decision Support","6.00","Finance"
"Ministry of Defence","Ministry of Defence","Head Office and Corporate Services","00005654","D","23661","29383","Customer Services","2.00","Human Resources"
"Ministry of Defence","Ministry of Defence","Head Office and Corporate Services","00005654","C1","36004","44711","Estate Advice","1.00","Property and asset management"
"Ministry of Defence","Ministry of Defence","Head Office and Corporate Services","00005654","C2","29551","36696","Estate Advice","1.00","Property and asset management"
"Ministry of Defence","Ministry of Defence","Head Office and Corporate Services","00005654","D","23661","29383","Knowledge Info Management","1.00","Human Resources"
"Ministry of Defence","Ministry of Defence","Head Office and Corporate Services","00005654","E1","18554","22345","Knowledge Info Management","1.00","Human Resources"
"Ministry of Defence","Ministry of Defence","Head Office and Corporate Services","00005654","C2","29551","36696","Project Manager","1.00","Human Resources"
"Ministry of Defence","Ministry of Defence","Head Office and Corporate Services","00005654","D","23661","29383","Quality Management","1.00","Human Resources"
"Ministry of Defence","Ministry of Defence","Head Office and Corporate Services","00005654","B2","48421","60130","Secretariat & Private Office","1.00","Communications"
"Ministry of Defence","Ministry of Defence","Head Office and Corporate Services","00005654","C1","36004","44711","Secretariat & Private Office","1.00","Communications"
"Ministry of Defence","Ministry of Defence","Head Office and Corporate Services","00005654","C2","29551","36696","Secretariat & Private Office","2.00","Communications"
"Ministry of Defence","Ministry of Defence","Head Office and Corporate Services","00005654","E1","18554","22345","Secretariat & Private Office","2.00","Communications"
"Ministry of Defence","Ministry of Defence","Head Office and Corporate Services","00005654","D","23661","29383","Secretarial","1.00","Communications"
"Ministry of Defence","Ministry of Defence","Head Office and Corporate Services","00005654","E1","18554","22345","Secretarial","1.00","Communications"
"Ministry of Defence","Ministry of Defence","Head Office and Corporate Services","00005654","D","23661","29383","Service HR Service Provider","1.00","Human Resources"
"Ministry of Defence","Ministry of Defence","Head Office and Corporate Services","00005654","C1","36004","44711","Transaction Processing","1.00","Human Resources"
"Ministry of Defence","Ministry of Defence","Head Office and Corporate Services","00005654","C2","29551","36696","Transaction Processing","2.00","Human Resources"
"Ministry of Defence","Ministry of Defence","Head Office and Corporate Services","00005654","E1","18554","22345","Transaction Processing","2.00","Human Resources"
"Ministry of Defence","Ministry of Defence","Head Office and Corporate Services","00005654","E1","18554","22345","Administrative Support","4.00","Operational Delivery"
"Ministry of Defence","Ministry of Defence","Head Office and Corporate Services","00005654","B1","57000","72907","Senior Operational Manager","2.00","Operational Delivery"
"Ministry of Defence","Ministry of Defence","Head Office and Corporate Services","00005654","B2","48421","60130","Senior Operational Manager","2.00","Operational Delivery"
"Ministry of Defence","Ministry of Defence","Head Office and Corporate Services","00005654","C1","36004","44711","Operational Manager","5.00","Operational Delivery"
"Ministry of Defence","Ministry of Defence","Head Office and Corporate Services","00005654","C2","29551","36696","Operational Manager","15.00","Operational Delivery"
"Ministry of Defence","Ministry of Defence","Head Office and Corporate Services","00005654","D","23661","29383","Operations Support Officer","151.00","Operational Delivery"
"Ministry of Defence","Ministry of Defence","Head Office and Corporate Services","00005654","E1","18554","22345","Administrative Support","113.00","Operational Delivery"
"Ministry of Defence","Ministry of Defence","Head Office and Corporate Services","00005654","E2","15779","19003","Administrative Support","62.00","Operational Delivery"
"Ministry of Defence","Ministry of Defence","Head Office and Corporate Services","00005654","B2","48421","60130","Business Manager","1.00","Operational Delivery"
"Ministry of Defence","Ministry of Defence","Head Office and Corporate Services","00005654","VA MEDICAL ADVISOR","66081","78513","Medical","20.00","Operational Delivery"
"Ministry of Defence","Ministry of Defence","Head Office and Corporate Services","00005654","B1","57000","72907","Senior Operational Manager","1.00","Operational Delivery"
"Ministry of Defence","Ministry of Defence","Head Office and Corporate Services","00005654","B2","48421","60130","Policy Adviser","1.00","Policy"
"Ministry of Defence","Ministry of Defence","Head Office and Corporate Services","00005654","C1","36004","44711","HR Support Officer","3.00","Operational Delivery"
"Ministry of Defence","Ministry of Defence","Head Office and Corporate Services","00005654","C2","29551","36696","HR Support Officer","11.00","Operational Delivery"
"Ministry of Defence","Ministry of Defence","Head Office and Corporate Services","00005654","D","23661","29383","HR Support Officer","32.00","Operational Delivery"
"Ministry of Defence","Ministry of Defence","Head Office and Corporate Services","00005654","E1","18554","22345","HR Support Officer","40.00","Operational Delivery"
"Ministry of Defence","Ministry of Defence","Head Office and Corporate Services","00005654","E2","15779","19003","HR Support Officer","4.00","Operational Delivery"
"Ministry of Defence","Ministry of Defence","Head Office and Corporate Services","00005654","B2","48421","60130","Review Support Officer","1.00","Operational Delivery"
"Ministry of Defence","Ministry of Defence","Head Office and Corporate Services","00005654","C1","36004","44711","Review Support Officer","1.00","Operational Delivery"
"Ministry of Defence","Ministry of Defence","Head Office and Corporate Services","00005654","C2","29551","36696","Review Support Officer","1.00","Operational Delivery"
"Ministry of Defence","Ministry of Defence","Head Office and Corporate Services","00005654","D","23661","29383","Review Support Officer","6.00","Operational Delivery"
"Ministry of Defence","Ministry of Defence","Head Office and Corporate Services","00005654","E1","18554","22345","Review Support Officer","4.00","Operational Delivery"
"Ministry of Defence","Ministry of Defence","Head Office and Corporate Services","00005654","NHS Band 5","21176","27625","Review Support Officer","4.00","Operational Delivery"
"Ministry of Defence","Ministry of Defence","Head Office and Corporate Services","00005654","NHS Band 6","25528","34189","Review Support Officer","1.00","Operational Delivery"
"Ministry of Defence","Ministry of Defence","Head Office and Corporate Services","00005654","Skill Zone 2","16647","18190","Review Support Officer","46.00","Operational Delivery"
"Ministry of Defence","Ministry of Defence","Head Office and Corporate Services","00005654","D","23661","29383","HR Support Officer","1.00","Operational Delivery"
"Ministry of Defence","Ministry of Defence","Head Office and Corporate Services","00005654","B1","57000","72907","Senior Operational Manager","1.00","Operational Delivery"
"Ministry of Defence","Ministry of Defence","Head Office and Corporate Services","00005654","B2","48421","60130","Operational Manager","1.00","Operational Delivery"
"Ministry of Defence","Ministry of Defence","Head Office and Corporate Services","00005654","C1","36004","44711","Operational Manager","3.00","Operational Delivery"
"Ministry of Defence","Ministry of Defence","Head Office and Corporate Services","00005654","C2","29551","36696","Operational Manager","7.00","Operational Delivery"
"Ministry of Defence","Ministry of Defence","Head Office and Corporate Services","00005654","D","23661","29383","Operational Manager","36.00","Operational Delivery"
"Ministry of Defence","Ministry of Defence","Head Office and Corporate Services","00005654","E1","18554","22345","Operations Support Officer","56.00","Operational Delivery"
"Ministry of Defence","Ministry of Defence","Head Office and Corporate Services","00005654","E2","15779","19003","Operations Support Officer","6.00","Operational Delivery"
"Ministry of Defence","Ministry of Defence","Head Office and Corporate Services","00005654","C1","36004","44711","HR Support Officer","3.00","Operational Delivery"
"Ministry of Defence","Ministry of Defence","Head Office and Corporate Services","00005654","C2","29551","36696","HR Support Officer","8.00","Operational Delivery"
"Ministry of Defence","Ministry of Defence","Head Office and Corporate Services","00005654","D","23661","29383","HR Support Officer","10.00","Operational Delivery"
"Ministry of Defence","Ministry of Defence","Head Office and Corporate Services","00005654","E1","18554","22345","HR Support Officer","2.00","Operational Delivery"
"Ministry of Defence","Ministry of Defence","Head Office and Corporate Services","00005654","C1","36004","44711","Programme Support Officer","2.00","Programme and Project Management (PPM)"
"Ministry of Defence","Ministry of Defence","Head Office and Corporate Services","00005654","C2","29551","36696","Programme Support Officer","6.00","Programme and Project Management (PPM)"
"Ministry of Defence","Ministry of Defence","Head Office and Corporate Services","00005654","D","23661","29383","Programme Support Officer","4.00","Programme and Project Management (PPM)"
"Ministry of Defence","Ministry of Defence","Head Office and Corporate Services","00005654","E1","18554","22345","Programme Support Officer","4.00","Programme and Project Management (PPM)"
"Ministry of Defence","Ministry of Defence","Head Office and Corporate Services","00005654","B2","48421","60130","Review Support Officer","2.00","Operational Delivery"
"Ministry of Defence","Ministry of Defence","Head Office and Corporate Services","00005654","C1","36004","44711","Review Support Officer","5.00","Operational Delivery"
"Ministry of Defence","Ministry of Defence","Head Office and Corporate Services","00005654","C2","29551","36696","Review Support Officer","12.00","Operational Delivery"
"Ministry of Defence","Ministry of Defence","Head Office and Corporate Services","00005654","D","23661","29383","Review Support Officer","15.00","Operational Delivery"
"Ministry of Defence","Ministry of Defence","Head Office and Corporate Services","00005654","OR7-8","34039","44315","HR Support Officer","2.00","Military"
"Ministry of Defence","Ministry of Defence","Head Office and Corporate Services","00005654","OR9","39548","47902","HR Support Officer","4.00","Military"
"Ministry of Defence","Ministry of Defence","Head Office and Corporate Services","00005654","OR7-8","34039","44315","HR Support Officer","1.00","Military"
"Ministry of Defence","Ministry of Defence","Head Office and Corporate Services","00005654","OF3","48934","58605","HR Support Officer","15.00","Military"
"Ministry of Defence","Ministry of Defence","Head Office and Corporate Services","00005654","OF4","68679","79524","HR Support Officer","6.00","Military"
"Ministry of Defence","Ministry of Defence","Head Office and Corporate Services","00005654","OF5","83205","91466","HR Support Officer","3.00","Military"
"Ministry of Defence","Ministry of Defence","Head Office and Corporate Services","00005654","B1","57000","72907","Programme Manager","3.00","Science and Engineering"
"Ministry of Defence","Ministry of Defence","Head Office and Corporate Services","00005654","B1","57000","72907","Senior Policy Adviser","1.00","Policy"
"Ministry of Defence","Ministry of Defence","Head Office and Corporate Services","00005654","B2","48421","60130","Project Manager","5.00","Science and Engineering"
"Ministry of Defence","Ministry of Defence","Head Office and Corporate Services","00005654","C1","36004","44711","Project Support Officer","1.00","Science and Engineering"
"Ministry of Defence","Ministry of Defence","Head Office and Corporate Services","00005654","C1","36004","44711","Policy Support Officer","1.00","Other"
"Ministry of Defence","Ministry of Defence","Head Office and Corporate Services","00005654","C2","29551","36696","Project Support Officer","1.00","Science and Engineering"
"Ministry of Defence","Ministry of Defence","Head Office and Corporate Services","00005654","C(FS)","29258","44268","Project Support Officer","0.00","Other"
"Ministry of Defence","Ministry of Defence","Head Office and Corporate Services","00005654","OF5","83205","91466","Project Support Officer","1.00","Military"
"Ministry of Defence","Ministry of Defence","Head Office and Corporate Services","00005654","D","23661","29383","Project Support Officer","2.00","Other"
"Ministry of Defence","Ministry of Defence","Head Office and Corporate Services","00005654","D","23661","29383","Private Secretary","1.00","Other"
"Ministry of Defence","Ministry of Defence","Head Office and Corporate Services","00005654","E1","18554","22345","Project Support Officer","1.00","Other"
"Ministry of Defence","Ministry of Defence","Head Office and Corporate Services","00005654","E2","15779","19003","Project Support Officer","1.00","Other"
"Ministry of Defence","Ministry of Defence","Head Office and Corporate Services","00005654","B1","57000","72907","Project Manager","2.00","Science and Engineering"
"Ministry of Defence","Ministry of Defence","Head Office and Corporate Services","00005654","B1","57000","72907","Project Manager","4.00","Science and Engineering"
"Ministry of Defence","Ministry of Defence","Head Office and Corporate Services","00005654","B2","48421","60130","Project Manager","4.00","Science and Engineering"
"Ministry of Defence","Ministry of Defence","Head Office and Corporate Services","00005654","B2","48421","60130","Communications Manager","1.00","Science and Engineering"
"Ministry of Defence","Ministry of Defence","Head Office and Corporate Services","00005654","B2","48421","60130","Project Manager","4.00","Science and Engineering"
"Ministry of Defence","Ministry of Defence","Head Office and Corporate Services","00005654","C1","36004","44711","Business Manager","1.00","Other"
"Ministry of Defence","Ministry of Defence","Head Office and Corporate Services","00005654","C1","36004","44711","Communications Manager","1.00","Other"
"Ministry of Defence","Ministry of Defence","Head Office and Corporate Services","00005654","C1","36004","44711","Project Support Officer","6.00","Science and Engineering"
"Ministry of Defence","Ministry of Defence","Head Office and Corporate Services","00005654","C1","36004","44711","Project Manager","1.00","Other"
"Ministry of Defence","Ministry of Defence","Head Office and Corporate Services","00005654","B2","48421","60130","Private Secretary","1.00","Science and Engineering"
"Ministry of Defence","Ministry of Defence","Head Office and Corporate Services","00005654","C1","36004","44711","Communications Manager","0.00","Other"
"Ministry of Defence","Ministry of Defence","Head Office and Corporate Services","00005654","C2","29551","36696","Project Support Officer","2.00","Other"
"Ministry of Defence","Ministry of Defence","Head Office and Corporate Services","00005654","D","23661","29383","Project Support Officer","3.00","Other"
"Ministry of Defence","Ministry of Defence","Head Office and Corporate Services","00005654","D","23661","29383","Executive Assistant","1.00","Other"
"Ministry of Defence","Ministry of Defence","Head Office and Corporate Services","00005654","E1","18554","22345","Executive Assistant","1.00","Other"
"Ministry of Defence","Ministry of Defence","Head Office and Corporate Services","00005654","B1","57000","72907","Private Secretary","1.00","Communications"
"Ministry of Defence","Ministry of Defence","Head Office and Corporate Services","00005654","B1","57000","72907","Private Secretary","1.00","Communications"
"Ministry of Defence","Ministry of Defence","Head Office and Corporate Services","00005654","B2","48421","60130","Knowledge & Information Management Manager","1.00","Knowledge and Information Management (KIM)"
"Ministry of Defence","Ministry of Defence","Head Office and Corporate Services","00005654","B2","48421","60130","Principal Private Secretary","1.00","Policy"
"Ministry of Defence","Ministry of Defence","Head Office and Corporate Services","00005654","B2","48421","60130","Senior Operational Manager","1.00","Policy"
"Ministry of Defence","Ministry of Defence","Head Office and Corporate Services","00005654","D","23661","29383","Diary Manager","1.00","Communications"
"Ministry of Defence","Ministry of Defence","Head Office and Corporate Services","00005654","D","23661","29383","Diary Manager","6.00","Policy"
"Ministry of Defence","Ministry of Defence","Head Office and Corporate Services","00005654","D MSF","23661","29383","Executive Assistant","1.00","Policy"
"Ministry of Defence","Ministry of Defence","Head Office and Corporate Services","00005654","D","23661","29383","Executive Assistant","1.00","Science and Engineering"
"Ministry of Defence","Ministry of Defence","Head Office and Corporate Services","00155792","D","23661","29383","Diary Manager","1.00","Policy"
"Ministry of Defence","Ministry of Defence","Head Office and Corporate Services","00005654","C(FS)","29258","44268","Private Secretary","1.00","Policy"
"Ministry of Defence","Ministry of Defence","Head Office and Corporate Services","00005654","C1","36004","44711","Private Secretary","1.00","Policy"
"Ministry of Defence","Ministry of Defence","Head Office and Corporate Services","00005654","C1","36004","44711","Office Manager","1.00","Policy"
"Ministry of Defence","Ministry of Defence","Head Office and Corporate Services","00005654","C1","36004","44711","Operations Support Officer","1.00","Operational Delivery"
"Ministry of Defence","Ministry of Defence","Head Office and Corporate Services","00155792","C1 MSF","36004","44711","Private Secretary","1.00","Policy"
"Ministry of Defence","Ministry of Defence","Head Office and Corporate Services","00005654","C2","29551","36696","Private Secretary","2.00","Policy"
"Ministry of Defence","Ministry of Defence","Head Office and Corporate Services","00005654","C2","29551","36696","Knowledge Information Management Support Officer","3.00","Knowledge and Information Management (KIM)"
"Ministry of Defence","Ministry of Defence","Head Office and Corporate Services","00005654","C2","29551","36696","Private Secretary","1.00","Policy"
"Ministry of Defence","Ministry of Defence","Head Office and Corporate Services","00005654","C2","29551","36696","Business Manager","1.00","Knowledge and Information Management (KIM)"
"Ministry of Defence","Ministry of Defence","Head Office and Corporate Services","00005654","C2","29551","36696","Operations Support Officer","1.00","Operational Delivery"
"Ministry of Defence","Ministry of Defence","Head Office and Corporate Services","00005654","E1","18554","22345","Knowledge Information Management Support Officer","7.00","Knowledge and Information Management (KIM)"
"Ministry of Defence","Ministry of Defence","Head Office and Corporate Services","00005654","E1","18554","22345","Executive Assistant","1.00","Communications"
"Ministry of Defence","Ministry of Defence","Head Office and Corporate Services","00005654","E1","18554","22345","Knowledge Information Management Support Officer","3.00","Knowledge and Information Management (KIM)"
"Ministry of Defence","Ministry of Defence","Head Office and Corporate Services","00005654","E1","18554","22345","Executive Assistant","6.00","Knowledge and Information Management (KIM)"
"Ministry of Defence","Ministry of Defence","Head Office and Corporate Services","00155792","E1","18554","22345","Knowledge Information Management Support Officer","1.00","Knowledge and Information Management (KIM)"
"Ministry of Defence","Ministry of Defence","Head Office and Corporate Services","00005654","E1","18554","22345","Executive Assistant","1.00","Science and Engineering"
"Ministry of Defence","Ministry of Defence","Head Office and Corporate Services","00005654","E2","15779","19003","Knowledge Information Management Support Officer","5.00","Knowledge and Information Management (KIM)"
"Ministry of Defence","Ministry of Defence","Head Office and Corporate Services","00155792","OF2","38848","46199","Policy Adviser","1.00","Policy"
"Ministry of Defence","Ministry of Defence","Head Office and Corporate Services","00155792","OF2","38848","46199","Policy Adviser","1.00","Policy"
"Ministry of Defence","Ministry of Defence","Head Office and Corporate Services","00005654","OF3","48934","58605","Operations Support Officer","1.00","Policy"
"Ministry of Defence","Ministry of Defence","Head Office and Corporate Services","00155792","OF3","48934","58605","Operations Support Officer","1.00","Policy"
"Ministry of Defence","Ministry of Defence","Head Office and Corporate Services","00005654","OF5","83205","91466","Senior Policy Adviser","1.00","Policy"
"Ministry of Defence","Ministry of Defence","Head Office and Corporate Services","00005654","OF4","68679","79524","Senior Policy Adviser","1.00","Policy"
"Ministry of Defence","Ministry of Defence","Head Office and Corporate Services","00005654","OF5","83205","91466","Operations Support Officer","1.00","Policy"
"Ministry of Defence","Ministry of Defence","Head Office and Corporate Services","00005654","OF5","83205","91466","Senior Policy Adviser","1.00","Policy"
"Ministry of Defence","Ministry of Defence","Head Office and Corporate Services","00155792","OF5","83205","91466","Senior Policy Adviser","2.00","Policy"
"Ministry of Defence","Ministry of Defence","Head Office and Corporate Services","00155792","OF5","83205","91466","Senior Policy Adviser","1.00","Policy"
"Ministry of Defence","Ministry of Defence","Head Office and Corporate Services","00155792","OF5","83205","91466","Senior Policy Adviser","1.00","Policy"
"Ministry of Defence","Ministry of Defence","Head Office and Corporate Services","00155792","OR1-3","17945","29651","Executive Assistant","1.00","Policy"
"Ministry of Defence","Ministry of Defence","Head Office and Corporate Services","00155792","OR1-3","17945","29651","Executive Assistant","1.00","Policy"
"Ministry of Defence","Ministry of Defence","Head Office and Corporate Services","00155792","OR1-3","17945","29651","Executive Assistant","2.00","Policy"
"Ministry of Defence","Ministry of Defence","Head Office and Corporate Services","00155792","OR4","27054","33998","Executive Assistant","1.00","Policy"
"Ministry of Defence","Ministry of Defence","Head Office and Corporate Services","00005654","OR5-6","30750","37836","Operational Manager","1.00","Policy"
"Ministry of Defence","Ministry of Defence","Head Office and Corporate Services","00155792","OR5-6","30750","37836","Office Manager","1.00","Policy"
"Ministry of Defence","Ministry of Defence","Head Office and Corporate Services","00155792","OR5-6","30750","37836","Policy Support Officer","1.00","Policy"
"Ministry of Defence","Ministry of Defence","Head Office and Corporate Services","00155792","OR7-8","34039","44315","Executive Assistant","4.00","Policy"
"Ministry of Defence","Ministry of Defence","Head Office and Corporate Services","00155792","OR7-8","34039","44315","Executive Assistant","1.00","Policy"
"Ministry of Defence","Ministry of Defence","Head Office and Corporate Services","00155792","OR9","39548","47902","Policy Support Officer","1.00","Policy"
"Ministry of Defence","Ministry of Defence","Head Office and Corporate Services","00155792","OF4","68679","79524","Policy Adviser","1.00","Military"
"Ministry of Defence","Ministry of Defence","Head Office and Corporate Services","00155792","OR5-6","30750","37836","Executive Assistant","1.00","Military"
"Ministry of Defence","Ministry of Defence","Head Office and Corporate Services","00155792","D","23661","29383","Executive Assistant","1.00","Operational Delivery"
"Ministry of Defence","Ministry of Defence","Head Office and Corporate Services","00155792","E2","15779","19003","Policy Support Officer","1.00","Policy"
"Ministry of Defence","Ministry of Defence","Head Office and Corporate Services","00155792","B2 MSF","48421","60130","Policy Support Officer","1.00","Policy"
"Ministry of Defence","Ministry of Defence","Head Office and Corporate Services","00155792","B2","48421","60130","Policy Support Officer","1.00","Policy"
"Ministry of Defence","Ministry of Defence","Head Office and Corporate Services","00155792","OF2","38848","46199","Policy Support Officer","2.00","Military"
"Ministry of Defence","Ministry of Defence","Head Office and Corporate Services","00155792","OF4","68679","79524","Policy Support Officer","3.00","Military"
"Ministry of Defence","Ministry of Defence","Head Office and Corporate Services","00155792","C2","29551","36696","Policy Support Officer","2.00","Policy"
"Ministry of Defence","Ministry of Defence","Head Office and Corporate Services","00155792","D","23661","29383","Policy Support Officer","1.00","Policy"
"Ministry of Defence","Ministry of Defence","Head Office and Corporate Services","00155792","OF3","48934","58605","Policy Support Officer","3.00","Military"
"Ministry of Defence","Ministry of Defence","Head Office and Corporate Services","00155792","OF2","38848","46199","Policy Support Officer","0.01","Military"
"Ministry of Defence","Ministry of Defence","Head Office and Corporate Services","00155792","OR7-8","34039","44315","Policy Support Officer","2.00","Military"
"Ministry of Defence","Ministry of Defence","Head Office and Corporate Services","00155792","OR1-3","17945","29651","Policy Support Officer","4.00","Military"
"Ministry of Defence","Ministry of Defence","Head Office and Corporate Services","00155792","D","23661","29383","Executive Assistant","1.00","Operational Delivery"
"Ministry of Defence","Ministry of Defence","Head Office and Corporate Services","00155792","E1","18554","22345","Policy Support Officer","1.00","Policy"
"Ministry of Defence","Ministry of Defence","Head Office and Corporate Services","00155792","B2","48421","60130","Programme Manager","5.00","Programme and Project Management (PPM)"
"Ministry of Defence","Ministry of Defence","Head Office and Corporate Services","00155792","OF4","68679","79524","Programme Support Officer","5.00","Military"
"Ministry of Defence","Ministry of Defence","Head Office and Corporate Services","00155792","B1","57000","72907","Programme Support Officer","2.00","Programme and Project Management (PPM)"
"Ministry of Defence","Ministry of Defence","Head Office and Corporate Services","00155792","C1","36004","44711","Programme Support Officer","6.00","Programme and Project Management (PPM)"
"Ministry of Defence","Ministry of Defence","Head Office and Corporate Services","00155792","C2","29551","36696","Programme Support Officer","7.00","Programme and Project Management (PPM)"
"Ministry of Defence","Ministry of Defence","Head Office and Corporate Services","00155792","D","23661","29383","Programme Support Officer","1.00","Programme and Project Management (PPM)"
"Ministry of Defence","Ministry of Defence","Head Office and Corporate Services","00155792","OF5","83205","91466","Programme Manager","3.00","Military"
"Ministry of Defence","Ministry of Defence","Head Office and Corporate Services","00155792","OF3","48934","58605","Programme Officer Manager","1.00","Military"
"Ministry of Defence","Ministry of Defence","Head Office and Corporate Services","00155792","B1","57000","72907","Policy Adviser","2.00","Policy"
"Ministry of Defence","Ministry of Defence","Head Office and Corporate Services","00155792","B2","48421","60130","Policy Adviser","2.00","Policy"
"Ministry of Defence","Ministry of Defence","Head Office and Corporate Services","00155792","C1","36004","44711","Policy Support Officer","9.00","Policy"
"Ministry of Defence","Ministry of Defence","Head Office and Corporate Services","00155792","C2","29551","36696","Policy Support Officer","10.00","Policy"
"Ministry of Defence","Ministry of Defence","Head Office and Corporate Services","00155792","D","23661","29383","Policy Adviser","4.00","Policy"
"Ministry of Defence","Ministry of Defence","Head Office and Corporate Services","00155792","OF4","68679","79524","Policy Support Officer","1.00","Military"
"Ministry of Defence","Ministry of Defence","Head Office and Corporate Services","00155792","OF3","48934","58605","Policy Support Officer","2.00","Military"
"Ministry of Defence","Ministry of Defence","Head Office and Corporate Services","00155792","B1","57000","72907","Policy Adviser","1.00","Policy"
"Ministry of Defence","Ministry of Defence","Head Office and Corporate Services","00155792","B2","48421","60130","Policy Adviser","4.00","Policy"
"Ministry of Defence","Ministry of Defence","Head Office and Corporate Services","00155792","C1","36004","44711","Policy Support Officer","11.00","Policy"
"Ministry of Defence","Ministry of Defence","Head Office and Corporate Services","00155792","C2","29551","36696","Policy Support Officer","18.00","Policy"
"Ministry of Defence","Ministry of Defence","Head Office and Corporate Services","00155792","D","23661","29383","Policy Support Officer","1.00","Policy"
"Ministry of Defence","Ministry of Defence","Head Office and Corporate Services","00155792","OF5","83205","91466","Policy Adviser","2.00","Military"
"Ministry of Defence","Ministry of Defence","Head Office and Corporate Services","00155792","OF4","68679","79524","Policy Support Officer","6.00","Military"
"Ministry of Defence","Ministry of Defence","Head Office and Corporate Services","00155792","OF3","48934","58605","Policy Support Officer","3.00","Military"
"Ministry of Defence","Ministry of Defence","Head Office and Corporate Services","00155792","OR9","39548","47902","Policy Support Officer","1.00","Military"
"Ministry of Defence","Ministry of Defence","Head Office and Corporate Services","00155792","E1","18554","22345","Policy Support Officer","1.00","Policy"
"Ministry of Defence","Ministry of Defence","Head Office and Corporate Services","00155792","B1","57000","72907","Policy Adviser","3.00","Policy"
"Ministry of Defence","Ministry of Defence","Head Office and Corporate Services","00155792","C1","36004","44711","Policy Support Officer","10.00","Policy"
"Ministry of Defence","Ministry of Defence","Head Office and Corporate Services","00155792","C2","29551","36696","Policy Support Officer","5.00","Policy"
"Ministry of Defence","Ministry of Defence","Head Office and Corporate Services","00155792","D","23661","29383","Policy Support Officer","1.00","Policy"
"Ministry of Defence","Ministry of Defence","Head Office and Corporate Services","00155792","E1","18554","22345","Policy Support Officer","1.00","Other"
"Ministry of Defence","Ministry of Defence","Head Office and Corporate Services","00155792","OF5","83205","91466","Policy Adviser","1.00","Policy"
"Ministry of Defence","Ministry of Defence","Head Office and Corporate Services","00155792","OF4","68679","79524","Policy Support Officer","5.00","Policy"
"Ministry of Defence","Ministry of Defence","Head Office and Corporate Services","00155792","OF3","48934","58605","Policy Support Officer","4.00","Policy"
"Ministry of Defence","Ministry of Defence","Head Office and Corporate Services","00155792","B2","48421","60130","Policy Adviser","1.00","Policy"
"Ministry of Defence","Ministry of Defence","Head Office and Corporate Services","00155792","C2","29551","36696","Policy Support Officer","3.00","Policy"
"Ministry of Defence","Ministry of Defence","Head Office and Corporate Services","00155792","C1","36004","44711","Policy Support Officer","1.00","Policy"
"Ministry of Defence","Ministry of Defence","Head Office and Corporate Services","00155792","C2","29551","36696","Policy Support Officer","1.00","Communications"
"Ministry of Defence","Ministry of Defence","Head Office and Corporate Services","00155792","D","23661","29383","Policy Support Officer","4.00","Policy"
"Ministry of Defence","Ministry of Defence","Head Office and Corporate Services","00155792","B1","57000","72907","Policy Adviser","1.00","Policy"
"Ministry of Defence","Ministry of Defence","Head Office and Corporate Services","00155792","B2","48421","60130","Policy Adviser","4.00","Policy"
"Ministry of Defence","Ministry of Defence","Head Office and Corporate Services","00155792","C1","36004","44711","Policy Support Officer","7.00","Policy"
"Ministry of Defence","Ministry of Defence","Head Office and Corporate Services","00155792","C2","29551","36696","Policy Support Officer","8.00","Operational Delivery"
"Ministry of Defence","Ministry of Defence","Head Office and Corporate Services","00155792","D","23661","29383","Policy Support Officer","1.00","Policy"
"Ministry of Defence","Ministry of Defence","Head Office and Corporate Services","00155792","OF5","83205","91466","Policy Adviser","1.00","Military"
"Ministry of Defence","Ministry of Defence","Head Office and Corporate Services","00155792","OF4","68679","79524","Policy Support Officer","2.00","Military"
"Ministry of Defence","Ministry of Defence","Head Office and Corporate Services","00155792","OF3","48934","58605","Policy Support Officer","4.00","Military"
"Ministry of Defence","Ministry of Defence","Head Office and Corporate Services","00155792","OF2","38848","46199","Policy Support Officer","1.00","Military"
"Ministry of Defence","Ministry of Defence","Head Office and Corporate Services","00155792","C1","36004","44711","Policy Support Officer","4.00","Policy"
"Ministry of Defence","Ministry of Defence","Head Office and Corporate Services","00155792","C2","29551","36696","Policy Support Officer","3.00","Policy"
"Ministry of Defence","Ministry of Defence","Head Office and Corporate Services","00155792","E1","18554","22345","Policy Support Officer","1.00","Policy"
"Ministry of Defence","Ministry of Defence","Head Office and Corporate Services","00155792","OF5","83205","91466","Policy Adviser","3.00","Military"
"Ministry of Defence","Ministry of Defence","Head Office and Corporate Services","00155792","OF4","68679","79524","Policy Support Officer","9.00","Military"
"Ministry of Defence","Ministry of Defence","Head Office and Corporate Services","00155792","OF3","48934","58605","Policy Support Officer","4.00","Military"
"Ministry of Defence","Ministry of Defence","Head Office and Corporate Services","00155792","C2","29551","36696","Policy Support Officer","1.00","Policy"
"Ministry of Defence","Ministry of Defence","Head Office and Corporate Services","00155792","C1","36004","44711","Programme Support Officer","1.00","Programme and Project Management (PPM)"
"Ministry of Defence","Ministry of Defence","Head Office and Corporate Services","00155792","C2","29551","36696","Programme Support Officer","2.00","Programme and Project Management (PPM)"
"Ministry of Defence","Ministry of Defence","Head Office and Corporate Services","00155792","OF3","48934","58605","Programme Officer Manager","1.00","Military"
"Ministry of Defence","Ministry of Defence","Head Office and Corporate Services","00155792","B1","57000","72907","Business Manager","0.01","Operational Delivery"
"Ministry of Defence","Ministry of Defence","Head Office and Corporate Services","00155792","C1","36004","44711","Business Manager","1.00","Operational Delivery"
"Ministry of Defence","Ministry of Defence","Head Office and Corporate Services","00155792","C2","29551","36696","Business Manager","1.00","Operational Delivery"
"Ministry of Defence","Ministry of Defence","Head Office and Corporate Services","00155792","D","23661","29383","Business Manager","2.00","Operational Delivery"
"Ministry of Defence","Ministry of Defence","Head Office and Corporate Services","00155792","E1","18554","22345","Policy Support Officer","1.00","Operational Delivery"
"Ministry of Defence","Ministry of Defence","Head Office and Corporate Services","00155792","C1","36004","44711","Policy Support Officer","8.00","Policy"
"Ministry of Defence","Ministry of Defence","Head Office and Corporate Services","00155792","C2","29551","36696","Policy Support Officer","3.00","Operational Delivery"
"Ministry of Defence","Ministry of Defence","Head Office and Corporate Services","00155792","C2 MSF","29551","36696","Policy Support Officer","1.00","Operational Delivery"
"Ministry of Defence","Ministry of Defence","Head Office and Corporate Services","00155792","OF5","83205","91466","Policy Adviser","4.00","Military"
"Ministry of Defence","Ministry of Defence","Head Office and Corporate Services","00155792","OF4","68679","79524","Policy Support Officer","5.00","Military"
"Ministry of Defence","Ministry of Defence","Head Office and Corporate Services","00155792","OF3","48934","58605","Policy Support Officer","2.00","Military"
"Ministry of Defence","Ministry of Defence","Head Office and Corporate Services","00155792","E1","18554","22345","Policy Support Officer","1.00","Operational Delivery"
"Ministry of Defence","Ministry of Defence","Head Office and Corporate Services","00155792","C2","29551","36696","Business Manager","1.00","Finance"
"Ministry of Defence","Ministry of Defence","Head Office and Corporate Services","00155792","C2","29551","36696","Business Manager","1.00","Operational Delivery"
"Ministry of Defence","Ministry of Defence","Head Office and Corporate Services","00155792","C2","29551","36696","Legal Support Officer","7.00","Operational Delivery"
"Ministry of Defence","Ministry of Defence","Head Office and Corporate Services","00155792","D","23661","29383","Office Manager","1.00","Operational Delivery"
"Ministry of Defence","Ministry of Defence","Head Office and Corporate Services","00155792","D","23661","29383","Knowledge & Information Management Manager","1.00","Knowledge and Information Management (KIM)"
"Ministry of Defence","Ministry of Defence","Head Office and Corporate Services","00155792","D","23661","29383","Training Support","1.00","Operational Delivery"
"Ministry of Defence","Ministry of Defence","Head Office and Corporate Services","00155792","D","23661","29383","Executive Assistant","1.00","Operational Delivery"
"Ministry of Defence","Ministry of Defence","Head Office and Corporate Services","00155792","D","23661","29383","Office Manager","1.00","Operational Delivery"
"Ministry of Defence","Ministry of Defence","Head Office and Corporate Services","00155792","E1","18554","22345","Knowledge Information Management Support Officer","1.00","Knowledge and Information Management (KIM)"
"Ministry of Defence","Ministry of Defence","Head Office and Corporate Services","00155792","E1","18554","22345","Personal Secretary","1.00","Operational Delivery"
"Ministry of Defence","Ministry of Defence","Head Office and Corporate Services","00155792","E1","18554","22345","Administrative Support","8.00","Operational Delivery"
"Ministry of Defence","Ministry of Defence","Head Office and Corporate Services","00155792","E1","18554","22345","Administrative Support","4.00","Operational Delivery"
"Ministry of Defence","Ministry of Defence","Head Office and Corporate Services","00155792","E2","15779","19003","Administrative Support","3.00","Operational Delivery"
"Ministry of Defence","Ministry of Defence","Head Office and Corporate Services","00155792","E2","15779","19003","Administrative Support","1.00","Operational Delivery"
"Ministry of Defence","Ministry of Defence","Head Office and Corporate Services","00155792","OF5","83205","91466","Legal Adviser","4.00","Law"
"Ministry of Defence","Ministry of Defence","Head Office and Corporate Services","00155792","OF4","68679","79524","Legal Adviser","11.00","Law"
"Ministry of Defence","Ministry of Defence","Head Office and Corporate Services","00155792","OF3","48934","58605","Legal Adviser","12.00","Law"
"Ministry of Defence","Ministry of Defence","Head Office and Corporate Services","00155792","OF2","38848","46199","Legal Adviser","12.00","Law"
"Ministry of Defence","Ministry of Defence","Head Office and Corporate Services","00155792","OR7-8","34039","44315","Other","2.00","Military"
"Ministry of Defence","Ministry of Defence","Head Office and Corporate Services","00155792","OR7-8","34039","44315","Other","1.00","Military"
"Ministry of Defence","Ministry of Defence","Head Office and Corporate Services","00155792","D","23661","29383","Policy Support Officer","1.00","Policy"
"Ministry of Defence","Ministry of Defence","Head Office and Corporate Services","00155792","B2","48421","60130","Policy Support Officer","1.00","Policy"
"Ministry of Defence","Ministry of Defence","Head Office and Corporate Services","00155792","C1","36004","44711","Policy Support Officer","3.00","Policy"
"Ministry of Defence","Ministry of Defence","Head Office and Corporate Services","00155792","OF3","48934","58605","Policy Support Officer","1.00","Military"
"Ministry of Defence","Ministry of Defence","Head Office and Corporate Services","00155792","C2","29551","36696","Policy Adviser","1.00","Policy"
"Ministry of Defence","Ministry of Defence","Head Office and Corporate Services","00155792","C2","29551","36696","Policy Adviser","1.00","Policy"
"Ministry of Defence","Ministry of Defence","Head Office and Corporate Services","00155792","E1","18554","22345","Policy Support Officer","1.00","Policy"
"Ministry of Defence","Ministry of Defence","Head Office and Corporate Services","00155792","B2","48421","60130","Policy Adviser","4.00","Policy"
"Ministry of Defence","Ministry of Defence","Head Office and Corporate Services","00155792","C1","36004","44711","Policy Adviser","2.00","Policy"
"Ministry of Defence","Ministry of Defence","Head Office and Corporate Services","00155792","E1","18554","22345","Policy Support Officer","1.00","Policy"
"Ministry of Defence","Ministry of Defence","Head Office and Corporate Services","00155792","OF4","68679","79524","Policy Adviser","5.00","Military"
"Ministry of Defence","Ministry of Defence","Head Office and Corporate Services","00155792","OF5","83205","91466","Policy Adviser","1.00","Military"
"Ministry of Defence","Ministry of Defence","Head Office and Corporate Services","00155792","B2","48421","60130","Policy Adviser","2.00","Policy"
"Ministry of Defence","Ministry of Defence","Head Office and Corporate Services","00155792","D","23661","29383","Policy Support Officer","1.00","Policy"
"Ministry of Defence","Ministry of Defence","Head Office and Corporate Services","00155792","C1","36004","44711","Policy Adviser","4.00","Policy"
"Ministry of Defence","Ministry of Defence","Head Office and Corporate Services","00155792","OF5","83205","91466","Policy Adviser","1.00","Policy"
"Ministry of Defence","Ministry of Defence","Head Office and Corporate Services","00155792","OF4","68679","79524","Policy Adviser","3.00","Policy"
"Ministry of Defence","Ministry of Defence","Head Office and Corporate Services","00155792","OF3","48934","58605","Policy Adviser","3.00","Policy"
"Ministry of Defence","Ministry of Defence","Head Office and Corporate Services","00155792","C2","29551","36696","Policy Adviser","2.00","Policy"
"Ministry of Defence","Ministry of Defence","Head Office and Corporate Services","00155792","B1","57000","72907","Policy Adviser","1.00","Policy"
"Ministry of Defence","Ministry of Defence","Head Office and Corporate Services","00155792","B2","48421","60130","Policy Adviser","3.00","Policy"
"Ministry of Defence","Ministry of Defence","Head Office and Corporate Services","00155792","D","23661","29383","Policy Support Officer","5.00","Policy"
"Ministry of Defence","Ministry of Defence","Head Office and Corporate Services","00155792","C1","36004","44711","Policy Adviser","4.00","Policy"
"Ministry of Defence","Ministry of Defence","Head Office and Corporate Services","00155792","C2","29551","36696","Policy Adviser","6.00","Policy"
"Ministry of Defence","Ministry of Defence","Head Office and Corporate Services","00155792","E1","18554","22345","Policy Support Officer","4.00","Policy"
"Ministry of Defence","Ministry of Defence","Head Office and Corporate Services","00155792","OF4","68679","79524","Policy Adviser","1.00","Military"
"Ministry of Defence","Ministry of Defence","Head Office and Corporate Services","00155792","B1","57000","72907","Policy Adviser","1.00","Policy"
"Ministry of Defence","Ministry of Defence","Head Office and Corporate Services","00155792","B2","48421","60130","Policy Adviser","2.00","Policy"
"Ministry of Defence","Ministry of Defence","Head Office and Corporate Services","00155792","C1","36004","44711","Policy Adviser","12.00","Policy"
"Ministry of Defence","Ministry of Defence","Head Office and Corporate Services","00155792","C2","29551","36696","Policy Adviser","4.00","Policy"
"Ministry of Defence","Ministry of Defence","Head Office and Corporate Services","00155792","E1","18554","22345","Policy Support Officer","3.00","Policy"
"Ministry of Defence","Ministry of Defence","Head Office and Corporate Services","00155792","B2","48421","60130","Policy Adviser","3.00","Policy"
"Ministry of Defence","Ministry of Defence","Head Office and Corporate Services","00155792","C2","29551","36696","Policy Adviser","4.00","Policy"
"Ministry of Defence","Ministry of Defence","Head Office and Corporate Services","00155792","C1","36004","44711","Policy Adviser","3.00","Policy"
"Ministry of Defence","Ministry of Defence","Head Office and Corporate Services","00155792","B2","48421","60130","Policy Adviser","4.00","Policy"
"Ministry of Defence","Ministry of Defence","Head Office and Corporate Services","00155792","B1","57000","72907","Policy Adviser","3.00","Policy"
"Ministry of Defence","Ministry of Defence","Head Office and Corporate Services","00155792","D","23661","29383","Policy Support Officer","4.00","Policy"
"Ministry of Defence","Ministry of Defence","Head Office and Corporate Services","00155792","C1","36004","44711","Policy Adviser","17.00","Policy"
"Ministry of Defence","Ministry of Defence","Head Office and Corporate Services","00155792","C2","29551","36696","Policy Adviser","10.00","Policy"
"Ministry of Defence","Ministry of Defence","Head Office and Corporate Services","00155792","E1","18554","22345","Policy Support Officer","1.00","Policy"
"Ministry of Defence","Ministry of Defence","Head Office and Corporate Services","00155792","OF3","48934","58605","Policy Adviser","1.00","Military"
"Ministry of Defence","Ministry of Defence","Head Office and Corporate Services","00155792","OF4","68679","79524","Policy Adviser","6.00","Military"
"Ministry of Defence","Ministry of Defence","Head Office and Corporate Services","00155792","OF5","83205","91466","Policy Adviser","2.00","Military"
"Ministry of Defence","Ministry of Defence","Head Office and Corporate Services","00155792","B1","57000","72907","Policy Adviser","1.00","Policy"
"Ministry of Defence","Ministry of Defence","Head Office and Corporate Services","00155792","B2","48421","60130","Policy Adviser","3.00","Policy"
"Ministry of Defence","Ministry of Defence","Head Office and Corporate Services","00155792","D","23661","29383","Policy Support Officer","8.00","Policy"
"Ministry of Defence","Ministry of Defence","Head Office and Corporate Services","00155792","C1","36004","44711","Policy Adviser","2.00","Policy"
"Ministry of Defence","Ministry of Defence","Head Office and Corporate Services","00155792","C2","29551","36696","Policy Adviser","8.00","Policy"
"Ministry of Defence","Ministry of Defence","Head Office and Corporate Services","00155792","E2","15779","19003","Policy Adviser","1.00","Policy"
"Ministry of Defence","Ministry of Defence","Head Office and Corporate Services","00155792","E1","18554","22345","Policy Support Officer","5.00","Policy"
"Ministry of Defence","Ministry of Defence","Head Office and Corporate Services","00155792","B2","48421","60130","Policy Adviser","4.00","Policy"
"Ministry of Defence","Ministry of Defence","Head Office and Corporate Services","00155792","C1","36004","44711","Policy Adviser","6.00","Policy"
"Ministry of Defence","Ministry of Defence","Head Office and Corporate Services","00155792","C2","29551","36696","Policy Adviser","1.00","Policy"
"Ministry of Defence","Ministry of Defence","Head Office and Corporate Services","00155792","E1","18554","22345","Policy Support Officer","1.00","Policy"
"Ministry of Defence","Ministry of Defence","Head Office and Corporate Services","00155792","OF3","48934","58605","Policy Adviser","1.00","Military"
"Ministry of Defence","Ministry of Defence","Head Office and Corporate Services","00155792","OF4","68679","79524","Policy Adviser","2.00","Military"
"Ministry of Defence","Ministry of Defence","Head Office and Corporate Services","00155792","OF5","83205","91466","Policy Adviser","1.00","Military"
"Ministry of Defence","Ministry of Defence","Head Office and Corporate Services","00155792","OR5-6","30750","37836","Policy Support Officer","1.00","Military"
"Ministry of Defence","Ministry of Defence","Head Office and Corporate Services","00155792","C2","29551","36696","Policy Adviser","1.00","Policy"
"Ministry of Defence","Ministry of Defence","Head Office and Corporate Services","00155792","E1","18554","22345","Policy Support Officer","1.00","Policy"
"Ministry of Defence","Ministry of Defence","Head Office and Corporate Services","00155792","B1","57000","72907","Policy Adviser","1.00","Policy"
"Ministry of Defence","Ministry of Defence","Head Office and Corporate Services","00155792","B2","48421","60130","Policy Adviser","2.00","Policy"
"Ministry of Defence","Ministry of Defence","Head Office and Corporate Services","00155792","D","23661","29383","Policy Support Officer","10.00","Policy"
"Ministry of Defence","Ministry of Defence","Head Office and Corporate Services","00155792","C1","36004","44711","Policy Adviser","6.00","Policy"
"Ministry of Defence","Ministry of Defence","Head Office and Corporate Services","00155792","C2","29551","36696","Policy Adviser","8.00","Policy"
"Ministry of Defence","Ministry of Defence","Head Office and Corporate Services","00155792","E1","18554","22345","Policy Support Officer","10.00","Policy"
"Ministry of Defence","Ministry of Defence","Head Office and Corporate Services","00155792","OF5","83205","91466","Policy Support Officer","1.00","Policy"
"Ministry of Defence","Ministry of Defence","Head Office and Corporate Services","00155792","OF4","68679","79524","Policy Support Officer","3.00","Policy"
"Ministry of Defence","Ministry of Defence","Head Office and Corporate Services","00155792","OR7-8","34039","44315","Policy Support Officer","1.00","Policy"
"Ministry of Defence","Ministry of Defence","Head Office and Corporate Services","00155792","E2","15779","19003","Policy Support Officer","2.00","Policy"
"Ministry of Defence","Ministry of Defence","Head Office and Corporate Services","00155792","D","23661","29383","Policy Support Officer","1.00","Policy"
"Ministry of Defence","Ministry of Defence","Head Office and Corporate Services","00155792","OF2","38848","46199","Policy Adviser","1.00","Military"
"Ministry of Defence","Ministry of Defence","Head Office and Corporate Services","00155792","OF4","68679","79524","Policy Adviser","1.00","Military"
"Ministry of Defence","Ministry of Defence","Head Office and Corporate Services","00155792","OF3","48934","58605","Policy Adviser","1.00","Military"
"Ministry of Defence","Ministry of Defence","Head Office and Corporate Services","00155792","C2","29551","36696","Policy Adviser","1.00","Policy"
"Ministry of Defence","Ministry of Defence","Head Office and Corporate Services","00155792","OF4","68679","79524","Policy Adviser","1.00","Military"
"Ministry of Defence","Ministry of Defence","Head Office and Corporate Services","00155792","OR5-6","30750","37836","Policy Support Officer","1.00","Military"
"Ministry of Defence","Ministry of Defence","Head Office and Corporate Services","00155792","E1","18554","22345","Policy Support Officer","1.00","Policy"
"Ministry of Defence","Ministry of Defence","Head Office and Corporate Services","00155792","OF4","68679","79524","Policy Adviser","4.00","Military"
"Ministry of Defence","Ministry of Defence","Head Office and Corporate Services","00155792","OF5","83205","91466","Policy Adviser","1.00","Military"
"Ministry of Defence","Ministry of Defence","Head Office and Corporate Services","00155792","OR5-6","30750","37836","Policy Support Officer","1.00","Military"
"Ministry of Defence","Ministry of Defence","Head Office and Corporate Services","00155792","B1","57000","72907","Policy Adviser","2.00","Policy"
"Ministry of Defence","Ministry of Defence","Head Office and Corporate Services","00155792","B2","48421","60130","Policy Adviser","5.00","Policy"
"Ministry of Defence","Ministry of Defence","Head Office and Corporate Services","00155792","D","23661","29383","Policy Support Officer","2.00","Policy"
"Ministry of Defence","Ministry of Defence","Head Office and Corporate Services","00155792","C2","29551","36696","Policy Adviser","6.00","Policy"
"Ministry of Defence","Ministry of Defence","Head Office and Corporate Services","00155792","C1","36004","44711","Policy Adviser","7.00","Policy"
"Ministry of Defence","Ministry of Defence","Head Office and Corporate Services","00155792","E1","18554","22345","Policy Support Officer","3.00","Policy"
"Ministry of Defence","Ministry of Defence","Head Office and Corporate Services","00155792","OF2","38848","46199","Policy Adviser","3.00","Military"
"Ministry of Defence","Ministry of Defence","Head Office and Corporate Services","00155792","OF3","48934","58605","Policy Adviser","4.00","Military"
"Ministry of Defence","Ministry of Defence","Head Office and Corporate Services","00155792","OF4","68679","79524","Policy Adviser","5.00","Military"
"Ministry of Defence","Ministry of Defence","Head Office and Corporate Services","00155792","OF5","83205","91466","Policy Adviser","1.00","Military"
"Ministry of Defence","Ministry of Defence","Head Office and Corporate Services","00155792","OR4","27054","33998","Policy Support Officer","1.00","Military"
"Ministry of Defence","Ministry of Defence","Head Office and Corporate Services","00155792","OR5-6","30750","37836","Policy Support Officer","1.00","Military"
"Ministry of Defence","Ministry of Defence","Head Office and Corporate Services","00155792","B1","57000","72907","Policy Adviser","2.00","Policy"
"Ministry of Defence","Ministry of Defence","Head Office and Corporate Services","00155792","B2","48421","60130","Policy Adviser","4.00","Policy"
"Ministry of Defence","Ministry of Defence","Head Office and Corporate Services","00155792","C1","36004","44711","Policy Adviser","7.00","Policy"
"Ministry of Defence","Ministry of Defence","Head Office and Corporate Services","00155792","E1","18554","22345","Policy Adviser","2.00","Policy"
"Ministry of Defence","Ministry of Defence","Head Office and Corporate Services","00155792","D","23661","29383","Policy Adviser","7.00","Policy"
"Ministry of Defence","Ministry of Defence","Head Office and Corporate Services","00155792","C2","29551","36696","Policy Adviser","7.00","Policy"
"Ministry of Defence","Ministry of Defence","Head Office and Corporate Services","00155792","OF3","48934","58605","Policy Adviser","7.00","Military"
"Ministry of Defence","Ministry of Defence","Head Office and Corporate Services","00155792","OF4","68679","79524","Policy Adviser","7.00","Military"
"Ministry of Defence","Ministry of Defence","Head Office and Corporate Services","00155792","OR4","27054","33998","Policy Adviser","1.00","Military"
"Ministry of Defence","Ministry of Defence","Head Office and Corporate Services","00155792","OF5","83205","91466","Policy Adviser","4.00","Military"
"Ministry of Defence","Ministry of Defence","Head Office and Corporate Services","00155792","D","23661","29383","Policy Support Officer","1.00","Policy"
"Ministry of Defence","Ministry of Defence","Head Office and Corporate Services","00155792","B2","48421","60130","Policy Support Officer","4.00","Policy"
"Ministry of Defence","Ministry of Defence","Head Office and Corporate Services","00155792","C1","36004","44711","Policy Adviser","12.00","Policy"
"Ministry of Defence","Ministry of Defence","Head Office and Corporate Services","00155792","C2","29551","36696","Policy Adviser","19.00","Policy"
"Ministry of Defence","Ministry of Defence","Head Office and Corporate Services","00155792","E1","18554","22345","Policy Support Officer","3.00","Policy"
"Ministry of Defence","Ministry of Defence","Head Office and Corporate Services","00155792","OF3","48934","58605","Policy Adviser","10.00","Military"
"Ministry of Defence","Ministry of Defence","Head Office and Corporate Services","00155792","OF4","68679","79524","Policy Adviser","16.00","Military"
"Ministry of Defence","Ministry of Defence","Head Office and Corporate Services","00155792","OF5","83205","91466","Policy Adviser","6.00","Military"
"Ministry of Defence","Ministry of Defence","Head Office and Corporate Services","00155792","OR4","27054","33998","Policy Support Officer","4.00","Military"
"Ministry of Defence","Ministry of Defence","Head Office and Corporate Services","00155792","OR7-8","34039","44315","Policy Support Officer","2.00","Military"
"Ministry of Defence","Ministry of Defence","Head Office and Corporate Services","00155792","OR5-6","30750","37836","Policy Support Officer","1.00","Military"
"Ministry of Defence","Ministry of Defence","Head Office and Corporate Services","00155792","OF2","38848","46199","Policy Support Officer","3.00","Military"
"Ministry of Defence","Ministry of Defence","Head Office and Corporate Services","00155792","OF3","48934","58605","Policy Adviser","11.00","Military"
"Ministry of Defence","Ministry of Defence","Head Office and Corporate Services","00155792","OF4","68679","79524","Policy Adviser","11.00","Military"
"Ministry of Defence","Ministry of Defence","Head Office and Corporate Services","00155792","OF5","83205","91466","Policy Adviser","4.00","Military"
"Ministry of Defence","Ministry of Defence","Head Office and Corporate Services","00155792","OF2","38848","46199","Policy Adviser","6.00","Military"
"Ministry of Defence","Ministry of Defence","Head Office and Corporate Services","00155792","OR9","39548","47902","Policy Support Officer","2.00","Military"
"Ministry of Defence","Ministry of Defence","Head Office and Corporate Services","00155792","OR7-8","34039","44315","Policy Support Officer","6.00","Military"
"Ministry of Defence","Ministry of Defence","Head Office and Corporate Services","00155792","OR4","27054","33998","Policy Support Officer","21.00","Military"
"Ministry of Defence","Ministry of Defence","Head Office and Corporate Services","00155792","OR5-6","30750","37836","Policy Support Officer","18.00","Military"
"Ministry of Defence","Ministry of Defence","Head Office and Corporate Services","00155792","C1","36004","44711","Policy Adviser","7.00","Policy"
"Ministry of Defence","Ministry of Defence","Head Office and Corporate Services","00155792","C2","29551","36696","Policy Adviser","6.00","Policy"
"Ministry of Defence","Ministry of Defence","Head Office and Corporate Services","00155792","D","23661","29383","Policy Adviser","2.00","Policy"
"Ministry of Defence","Ministry of Defence","Head Office and Corporate Services","00155792","OR1-3","17945","29651","Policy Support Officer","16.00","Military"
"Ministry of Defence","Ministry of Defence","Head Office and Corporate Services","00155792","B1","57000","72907","Policy Adviser","1.00","Policy"
"Ministry of Defence","Ministry of Defence","Head Office and Corporate Services","00155792","D","23661","29383","Policy Support Officer","1.00","Policy"
"Ministry of Defence","Ministry of Defence","Head Office and Corporate Services","00155792","C1","36004","44711","Policy Adviser","1.00","Policy"
"Ministry of Defence","Ministry of Defence","Head Office and Corporate Services","00155792","OF3","48934","58605","Policy Adviser","1.00","Military"
"Ministry of Defence","Ministry of Defence","Head Office and Corporate Services","00155792","OF5","83205","91466","Policy Adviser","1.00","Military"
"Ministry of Defence","Ministry of Defence","Head Office and Corporate Services","00155792","Locally Employed Civilian (LEC)","0","0","Other","56.00","Other"
"Ministry of Defence","Ministry of Defence","Head Office and Corporate Services","00155792","OF4","68679","79524","Policy Adviser","1.00","Military"
"Ministry of Defence","Ministry of Defence","Head Office and Corporate Services","00155792","OF3","48934","58605","Policy Adviser","1.00","Military"
"Ministry of Defence","Ministry of Defence","Head Office and Corporate Services","00155792","E1","18554","22345","Policy Support Officer","1.00","Policy"
"Ministry of Defence","Ministry of Defence","Head Office and Corporate Services","00155792","OF3","48934","58605","Policy Support Officer","1.00","Military"
"Ministry of Defence","Ministry of Defence","Head Office and Corporate Services","00155792","E1","18554","22345","Policy Support Officer","1.00","Policy"
"Ministry of Defence","Ministry of Defence","Head Office and Corporate Services","00155792","E1","18554","22345","Policy Support Officer","1.00","Policy"
"Ministry of Defence","Ministry of Defence","Head Office and Corporate Services","00155792","D","23661","29383","Policy Support Officer","1.00","Policy"
"Ministry of Defence","Ministry of Defence","Head Office and Corporate Services","00155792","C1","36004","44711","Policy Support Officer","1.00","Policy"
"Ministry of Defence","Ministry of Defence","Head Office and Corporate Services","00155792","B2","48421","60130","Policy Adviser","1.00","Policy"
"Ministry of Defence","Ministry of Defence","Head Office and Corporate Services","00155792","C2","29551","36696","Policy Adviser","2.00","Policy"
"Ministry of Defence","Ministry of Defence","Head Office and Corporate Services","00005654","B1","57000","72907","Commercial Operations","1.00","Procurement"
"Ministry of Defence","Ministry of Defence","Head Office and Corporate Services","00005654","B1","57000","72907","Commercial Policy","1.00","Procurement"
"Ministry of Defence","Ministry of Defence","Head Office and Corporate Services","00005654","B1","57000","72907","Consultancy","1.00","Procurement"
"Ministry of Defence","Ministry of Defence","Head Office and Corporate Services","00005654","B1","57000","72907","Commercial Strategy","22.00","Procurement"
"Ministry of Defence","Ministry of Defence","Head Office and Corporate Services","00005654","B2","48421","60130","Commercial Operations","2.00","Procurement"
"Ministry of Defence","Ministry of Defence","Head Office and Corporate Services","00005654","B2","48421","60130","Consultancy","4.00","Procurement"
"Ministry of Defence","Ministry of Defence","Head Office and Corporate Services","00005654","B2","48421","60130","Contract Perf Meas & Mgmnt","5.00","Procurement"
"Ministry of Defence","Ministry of Defence","Head Office and Corporate Services","00005654","B2","48421","60130","Decision Support","1.00","Procurement"
"Ministry of Defence","Ministry of Defence","Head Office and Corporate Services","00005654","B2","48421","60130","Programme Manager","1.00","Procurement"
"Ministry of Defence","Ministry of Defence","Head Office and Corporate Services","00005654","B2","48421","60130","Secretariat & Private Office","1.00","Procurement"
"Ministry of Defence","Ministry of Defence","Head Office and Corporate Services","00005654","B2","48421","60130","Commercial Strategy","44.00","Procurement"
"Ministry of Defence","Ministry of Defence","Head Office and Corporate Services","00005654","C1","36004","44711","Commercial Operations","2.00","Procurement"
"Ministry of Defence","Ministry of Defence","Head Office and Corporate Services","00005654","C1","36004","44711","Commercial Policy","2.00","Procurement"
"Ministry of Defence","Ministry of Defence","Head Office and Corporate Services","00005654","C1","36004","44711","Consultancy","2.00","Procurement"
"Ministry of Defence","Ministry of Defence","Head Office and Corporate Services","00005654","C1","36004","44711","Contract Perf Meas & Mgmnt","18.00","Procurement"
"Ministry of Defence","Ministry of Defence","Head Office and Corporate Services","00005654","C1","36004","44711","Decision Support","2.00","Procurement"
"Ministry of Defence","Ministry of Defence","Head Office and Corporate Services","00005654","C1","36004","44711","Secretariat & Private Office","3.00","Procurement"
"Ministry of Defence","Ministry of Defence","Head Office and Corporate Services","00005654","C1","36004","44711","Commercial Analysis","106.00","Procurement"
"Ministry of Defence","Ministry of Defence","Head Office and Corporate Services","00005654","C2","29551","36696","Commercial Operations","2.00","Procurement"
"Ministry of Defence","Ministry of Defence","Head Office and Corporate Services","00005654","C2","29551","36696","Commercial Policy","1.00","Procurement"
"Ministry of Defence","Ministry of Defence","Head Office and Corporate Services","00005654","C2","29551","36696","Contract Perf Meas & Mgmnt","34.00","Procurement"
"Ministry of Defence","Ministry of Defence","Head Office and Corporate Services","00005654","C2","29551","36696","Decision Support","1.00","Procurement"
"Ministry of Defence","Ministry of Defence","Head Office and Corporate Services","00005654","C2","29551","36696","Project Management","1.00","Procurement"
"Ministry of Defence","Ministry of Defence","Head Office and Corporate Services","00005654","C2","29551","36696","Secretariat & Private Office","1.00","Procurement"
"Ministry of Defence","Ministry of Defence","Head Office and Corporate Services","00005654","C2","29551","36696","Secretariat & Private Office","122.00","Procurement"
"Ministry of Defence","Ministry of Defence","Head Office and Corporate Services","00005654","D","23661","29383","Business Manager","1.00","Procurement"
"Ministry of Defence","Ministry of Defence","Head Office and Corporate Services","00005654","D","23661","29383","Commercial Operations","2.00","Procurement"
"Ministry of Defence","Ministry of Defence","Head Office and Corporate Services","00005654","D","23661","29383","Decision Support","3.00","Procurement"
"Ministry of Defence","Ministry of Defence","Head Office and Corporate Services","00005654","D","23661","29383","Programme Management","2.00","Procurement"
"Ministry of Defence","Ministry of Defence","Head Office and Corporate Services","00005654","D","23661","29383","Secretarial","2.00","Procurement"
"Ministry of Defence","Ministry of Defence","Head Office and Corporate Services","00005654","D","23661","29383","Secretariat & Private Office","1.00","Procurement"
"Ministry of Defence","Ministry of Defence","Head Office and Corporate Services","00005654","D","23661","29383","Commercial Analysis","131.00","Procurement"
"Ministry of Defence","Ministry of Defence","Head Office and Corporate Services","00005654","E1","18554","22345","Administrative Support","1.00","Procurement"
"Ministry of Defence","Ministry of Defence","Head Office and Corporate Services","00005654","E1","18554","22345","Commercial Analysis","1.00","Procurement"
"Ministry of Defence","Ministry of Defence","Head Office and Corporate Services","00005654","E1","18554","22345","Contract Perf Meas & Mgmnt","2.00","Procurement"
"Ministry of Defence","Ministry of Defence","Head Office and Corporate Services","00005654","E1","18554","22345","Decision Support","1.00","Procurement"
"Ministry of Defence","Ministry of Defence","Head Office and Corporate Services","00005654","E1","18554","22345","Secretarial","1.00","Procurement"
"Ministry of Defence","Ministry of Defence","Head Office and Corporate Services","00005654","E1","18554","22345","Transaction Processing","4.00","Procurement"
"Ministry of Defence","Ministry of Defence","Head Office and Corporate Services","00005654","E1","18554","22345","Commercial","38.00","Procurement"
"Ministry of Defence","Ministry of Defence","Head Office and Corporate Services","00005654","B1","57000","72907","Commercial Policy","1.00","Operational Delivery"
"Ministry of Defence","Ministry of Defence","Head Office and Corporate Services","00005654","B2","48421","60130","Commercial Policy","2.00","Operational Delivery"
"Ministry of Defence","Ministry of Defence","Head Office and Corporate Services","00005654","B2","48421","60130","Audit and Assurance","1.00","Operational Delivery"
"Ministry of Defence","Ministry of Defence","Head Office and Corporate Services","00005654","B2","48421","60130","Secretariat & Private Office","2.00","Operational Delivery"
"Ministry of Defence","Ministry of Defence","Head Office and Corporate Services","00005654","C1","36004","44711","Project Management","2.00","Operational Delivery"
"Ministry of Defence","Ministry of Defence","Head Office and Corporate Services","00005654","C2","29551","36696","Commercial Policy","1.00","Operational Delivery"
"Ministry of Defence","Ministry of Defence","Head Office and Corporate Services","00005654","C2","29551","36696","Secretariat & Private Office","1.00","Operational Delivery"
"Ministry of Defence","Ministry of Defence","Head Office and Corporate Services","00005654","E1","18554","22345","Secretariat & Private Office","1.00","Operational Delivery"
"Ministry of Defence","Ministry of Defence","Head Office and Corporate Services","00005654","OF4","68679","79524","Military","4.00","Operational Delivery"
"Ministry of Defence","Ministry of Defence","Head Office and Corporate Services","00005654","D","23661","29383","Secretariat & Private Office","2.00","Operational Delivery"
"Ministry of Defence","Ministry of Defence","Head Office and Corporate Services","00000178","C1","36004","44711","Business Management and Improvement","1.00","Operational Delivery"
"Ministry of Defence","Ministry of Defence","Head Office and Corporate Services","00000178","Fast Stream Grade Band C2","29551","36696","Secretariat & Private Office","1.00","Operational Delivery"
"Ministry of Defence","Ministry of Defence","Head Office and Corporate Services","00000178","B1","57000","72907","Programme Management","1.00","Operational Delivery"
"Ministry of Defence","Ministry of Defence","Head Office and Corporate Services","00000178","B2","48421","60130","Secretariat & Private Office","1.00","Operational Delivery"
"Ministry of Defence","Ministry of Defence","Head Office and Corporate Services","00000178","B2","48421","60130","Secretariat & Private Office","1.00","Operational Delivery"
"Ministry of Defence","Ministry of Defence","Head Office and Corporate Services","00000178","B2","48421","60130","Secretariat & Private Office","1.00","Operational Delivery"
"Ministry of Defence","Ministry of Defence","Head Office and Corporate Services","00000178","C1","36004","44711","Secretariat & Private Office","1.00","Operational Delivery"
"Ministry of Defence","Ministry of Defence","Head Office and Corporate Services","00000178","C2","29551","36696","Business Management and Improvement","1.00","Operational Delivery"
"Ministry of Defence","Ministry of Defence","Head Office and Corporate Services","00000178","D","23661","29383","Secretariat & Private Office","1.00","Operational Delivery"
"Ministry of Defence","Ministry of Defence","Head Office and Corporate Services","00000178","Fast Stream Grade Band C2","29551","36696","Secretariat & Private Office","1.00","Operational Delivery"
